0 0 0 0 	
3.22957e-06 5.02377e-05 5.02373e-05 5.02377e-05 	
6.45914e-06 0.000100475 0.000100472 0.000100475 	
9.6887e-06 0.000150712 0.000150701 0.000150712 	
1.29183e-05 0.000200949 0.000200922 0.000200948 	
2.90661e-05 0.000452115 0.000451812 0.000452107 	
4.5214e-05 0.000703234 0.000702095 0.000703204 	
6.13618e-05 0.000954282 0.000951435 0.000954206 	
7.75096e-05 0.00120523 0.0011995 0.00120508 	
0.000137847 0.00214167 0.00210972 0.00214072 	
0.000198183 0.00307516 0.00298066 0.00307221 	
0.00025852 0.00400459 0.00379643 0.0039976 	
0.000318857 0.00492907 0.00454298 0.00491471 	
0.000397404 0.00612473 0.00539181 0.00609305 	
0.000475951 0.00731191 0.00608026 0.00725088 	
0.000554497 0.00849119 0.00659251 0.00838311 	
0.000633044 0.0096636 0.00692246 0.0094822 	
0.000694563 0.0105794 0.00705453 0.0103159 	
0.000756081 0.0114976 0.00707847 0.0111263 	
0.0008176 0.0124213 0.0070001 0.0119117 	
0.000879119 0.0133519 0.00682826 0.0126674 	
0.000940638 0.014292 0.00657398 0.0133896 	
0.00100216 0.0152472 0.00624929 0.0140794 	
0.00106368 0.016221 0.00586762 0.0147351 	
0.00112519 0.0172148 0.00544348 0.0153522 	
0.00118991 0.0182836 0.0049677 0.0159559 	
0.00125462 0.0193812 0.00447816 0.0165135 	
0.00131933 0.0205099 0.00399092 0.0170237 	
0.00138404 0.0216694 0.00352035 0.0174834 	
0.00146315 0.0231284 0.00298539 0.017975 	
0.00154226 0.024636 0.00251239 0.0183925 	
0.00162137 0.0261903 0.00211404 0.0187382 	
0.00170048 0.0277839 0.00179494 0.0190139 	
0.00176103 0.0290256 0.00160311 0.0191802 	
0.00182159 0.0302857 0.00145385 0.0193128 	
0.00188215 0.0315613 0.00134214 0.0194159 	
0.00194271 0.0328466 0.00126099 0.0194929 	
0.00199094 0.0338738 0.00121259 0.019538 	
0.00203918 0.0349042 0.00117352 0.019572 	
0.00208742 0.0359362 0.00113875 0.0195976 	
0.00213566 0.0369663 0.00110305 0.0196169 	
0.00218389 0.0379914 0.00106112 0.0196323 	
0.00223213 0.0390111 0.00100774 0.0196462 	
0.00228037 0.0400235 0.000937946 0.0196611 	
0.0023286 0.0410252 0.00084713 0.0196791 	
0.00238407 0.0421604 0.000711412 0.0197063 	
0.00243954 0.0432764 0.000537076 0.0197435 	
0.00249501 0.0443706 0.00031998 0.0197935 	
0.00255048 0.0454389 5.74938e-05 0.0198586 	
0.00261535 0.0466517 -0.000308461 0.0199566 	
0.00268022 0.0478244 -0.0007372 0.0200808 	
0.0027451 0.0489548 -0.00122495 0.0202333 	
0.00280997 0.0500395 -0.00176469 0.020415 	
0.00289376 0.05137 -0.00252248 0.0206939 	
0.00297755 0.0526252 -0.00332337 0.0210222 	
0.00306134 0.0538067 -0.00413534 0.0213975 	
0.00314512 0.0549139 -0.00492218 0.0218158 	
0.00322146 0.0558593 -0.00558528 0.0222303 	
0.00329779 0.0567528 -0.00616793 0.0226732 	
0.00337412 0.0575992 -0.0066437 0.0231404 	
0.00345045 0.0583998 -0.00699061 0.0236271 	
0.00353575 0.0592428 -0.00720503 0.0241898 	
0.00362104 0.0600409 -0.00721849 0.0247697 	
0.00370634 0.060799 -0.00702224 0.0253634 	
0.00379164 0.0615162 -0.00662056 0.025967 	
0.00386811 0.0621232 -0.0060977 0.026515 	
0.00394459 0.0627 -0.00543673 0.0270715 	
0.00402106 0.0632468 -0.00465897 0.0276374 	
0.00409754 0.0637611 -0.00379087 0.0282119 	
0.00417622 0.064254 -0.00283459 0.0288125 	
0.0042549 0.0647116 -0.00184868 0.0294271 	
0.00433358 0.0651336 -0.000868149 0.0300574 	
0.00441226 0.0655179 7.41877e-05 0.030702 	
0.00448906 0.0658558 0.000928697 0.0313434 	
0.00456585 0.06616 0.00169292 0.0319993 	
0.00464264 0.0664325 0.00234655 0.0326683 	
0.00471943 0.0666754 0.00287702 0.0333457 	
0.00478961 0.0668745 0.00324884 0.0339674 	
0.00485979 0.0670567 0.00351075 0.0345911 	
0.00492996 0.0672268 0.0036657 0.0352131 	
0.00500014 0.0673893 0.00372191 0.0358268 	
0.00506387 0.0675347 0.00369746 0.0363717 	
0.0051276 0.0676832 0.00361159 0.036903 	
0.00519134 0.0678391 0.00347632 0.0374173 	
0.00525507 0.0680068 0.0033051 0.0379089 	
0.00530959 0.0681626 0.00314075 0.0383077 	
0.00536411 0.0683328 0.00296898 0.0386857 	
0.00541864 0.0685199 0.00279818 0.0390411 	
0.00547316 0.0687258 0.00263624 0.0393712 	
0.00553205 0.0689715 0.00247951 0.0396967 	
0.00559093 0.0692435 0.00234934 0.0399896 	
0.00564982 0.0695434 0.00225206 0.040249 	
0.00570871 0.069872 0.00219213 0.0404731 	
0.00576952 0.0702417 0.00217214 0.0406665 	
0.00583033 0.0706426 0.00219555 0.0408225 	
0.00589115 0.0710742 0.00226098 0.0409422 	
0.00595196 0.0715346 0.00236462 0.041026 	
0.00601277 0.072022 0.00250066 0.0410756 	
0.00607358 0.0725346 0.00266156 0.041094 	
0.0061344 0.0730698 0.00283828 0.0410841 	
0.00619521 0.0736239 0.00302053 0.0410489 	
0.00625654 0.074198 0.00319867 0.0409907 	
0.00631788 0.0747848 0.00335918 0.0409138 	
0.00637921 0.0753806 0.00349022 0.0408222 	
0.00644054 0.0759808 0.0035806 0.0407195 	
0.00650631 0.0766246 0.00362072 0.040601 	
0.00657208 0.0772657 0.00359093 0.0404785 	
0.00663785 0.0779 0.00348221 0.0403558 	
0.00670361 0.0785228 0.00328868 0.0402368 	
0.00678294 0.0792538 0.00293882 0.0401026 	
0.00686227 0.0799603 0.00246196 0.0399831 	
0.0069416 0.0806392 0.00186528 0.0398818 	
0.00702092 0.0812867 0.00116406 0.0398008 	
0.00710135 0.0819095 0.000368477 0.0397402 	
0.00718177 0.0825014 -0.00048553 0.0397014 	
0.0072622 0.0830641 -0.00136683 0.0396832 	
0.00734262 0.0835979 -0.00224152 0.0396838 	
0.00741388 0.0840479 -0.0029831 0.0396982 	
0.00748513 0.0844807 -0.00366844 0.0397239 	
0.00755639 0.0848989 -0.00427536 0.039759 	
0.00762765 0.0853026 -0.0047852 0.0398022 	
0.00770626 0.0857318 -0.00521721 0.0398583 	
0.00778488 0.0861471 -0.00549616 0.0399219 	
0.0078635 0.0865493 -0.00561244 0.0399927 	
0.00794211 0.0869361 -0.00556562 0.0400716 	
0.00801254 0.0872672 -0.00539076 0.0401506 	
0.00808296 0.0875835 -0.00509861 0.0402389 	
0.00815339 0.0878832 -0.00470172 0.0403383 	
0.00822381 0.0881629 -0.00421683 0.0404512 	
0.00829263 0.0884138 -0.0036767 0.040577 	
0.00836144 0.0886412 -0.00309075 0.0407203 	
0.00843025 0.0888429 -0.0024796 0.0408833 	
0.00849907 0.0890159 -0.00186391 0.041068 	
0.00857589 0.0891726 -0.00119538 0.0413017 	
0.00865271 0.0892897 -0.000572082 0.0415658 	
0.00872953 0.0893664 -1.65763e-05 0.0418608 	
0.00880635 0.0894024 0.000454301 0.042186 	
0.00887374 0.0894011 0.000788495 0.0424946 	
0.00894113 0.0893713 0.00104365 0.0428232 	
0.00900851 0.0893157 0.00121853 0.0431694 	
0.0090759 0.0892369 0.00131604 0.0435294 	
0.00912892 0.0891611 0.0013424 0.04382 	
0.00918195 0.0890752 0.00132866 0.0441157 	
0.00923497 0.0889817 0.00127995 0.0444147 	
0.00928799 0.0888828 0.00120236 0.0447142 	
0.00934102 0.088781 0.00110268 0.0450116 	
0.00939404 0.0886788 0.000988078 0.0453056 	
0.00944706 0.0885786 0.000866008 0.0455939 	
0.00950009 0.0884831 0.000743984 0.0458737 	
0.00955512 0.0883915 0.000625268 0.0461524 	
0.00961015 0.0883101 0.000522424 0.0464175 	
0.00966519 0.0882413 0.000442649 0.046667 	
0.00972022 0.0881874 0.000392141 0.0468983 	
0.00978313 0.0881463 0.00037673 0.047138 	
0.00984604 0.0881294 0.000412139 0.0473503 	
0.00990896 0.0881385 0.000501917 0.0475336 	
0.00997187 0.0881746 0.000646787 0.0476865 	
0.010038 0.0882422 0.000856337 0.0478137 	
0.0101041 0.08834 0.00111987 0.0479077 	
0.0101702 0.088467 0.00142967 0.0479698 	
0.0102363 0.0886215 0.00177519 0.0480011 	
0.0103069 0.0888143 0.0021693 0.0480029 	
0.0103776 0.0890324 0.00257198 0.047976 	
0.0104482 0.0892717 0.00296429 0.0479245 	
0.0105188 0.0895279 0.00332696 0.0478523 	
0.0105909 0.0898022 0.00364724 0.0477611 	
0.010663 0.0900844 0.00389761 0.0476572 	
0.0107352 0.0903698 0.00406118 0.047545 	
0.0108073 0.0906541 0.00412508 0.0474284 	
0.0108858 0.0909585 0.0040711 0.0473001 	
0.0109644 0.0912537 0.00388128 0.0471742 	
0.011043 0.0915368 0.00355522 0.0470534 	
0.0111215 0.091806 0.00310086 0.0469393 	
0.0111967 0.0920504 0.00255878 0.0468367 	
0.011272 0.0922831 0.00192883 0.0467405 	
0.0113472 0.0925056 0.00123196 0.0466498 	
0.0114225 0.0927192 0.000492828 0.0465632 	
0.0114975 0.0929249 -0.000259392 0.0464791 	
0.0115724 0.0931269 -0.000999729 0.0463953 	
0.0116474 0.0933278 -0.00170126 0.0463097 	
0.0117224 0.0935289 -0.00233942 0.0462207 	
0.0117934 0.0937206 -0.00286575 0.0461324 	
0.0118644 0.0939153 -0.00329947 0.0460393 	
0.0119355 0.0941133 -0.00362822 0.0459414 	
0.0120065 0.094314 -0.00384487 0.0458393 	
0.0120843 0.0945351 -0.00395078 0.0457242 	
0.0121622 0.0947562 -0.00392027 0.045608 	
0.01224 0.0949743 -0.00376109 0.0454941 	
0.0123179 0.0951848 -0.0034882 0.0453867 	
0.0123811 0.0953465 -0.00319686 0.0453076 	
0.0124443 0.0954979 -0.00285568 0.0452384 	
0.0125075 0.0956365 -0.00247809 0.0451821 	
0.0125707 0.0957594 -0.00207823 0.0451411 	
0.0126417 0.0958754 -0.00161975 0.0451167 	
0.0127128 0.0959655 -0.00117147 0.0451183 	
0.0127838 0.0960271 -0.000752138 0.0451488 	
0.0128549 0.0960578 -0.000377708 0.0452102 	
0.0129246 0.0960565 -6.67007e-05 0.0453015 	
0.0129942 0.096024 0.00017885 0.0454242 	
0.0130639 0.0959608 0.000352857 0.0455777 	
0.0131335 0.0958681 0.000453832 0.0457606 	
0.0131966 0.0957603 0.000484165 0.0459497 	
0.0132597 0.0956323 0.000460241 0.0461587 	
0.0133228 0.0954866 0.000388221 0.046385 	
0.0133858 0.0953265 0.000276515 0.0466252 	
0.0134411 0.0951771 0.000153986 0.0468442 	
0.0134963 0.0950216 1.61943e-05 0.0470686 	
0.0135516 0.0948628 -0.000128872 0.0472956 	
0.0136068 0.0947034 -0.000273058 0.0475224 	
0.0136689 0.0945266 -0.000423988 0.0477738 	
0.013731 0.094356 -0.000552155 0.0480178 	
0.0137931 0.0941951 -0.000647113 0.0482507 	
0.0138551 0.0940472 -0.000700058 0.0484691 	
0.0139151 0.0939191 -0.000704596 0.0486637 	
0.0139751 0.0938079 -0.000658052 0.0488398 	
0.0140351 0.0937154 -0.000557275 0.0489954 	
0.0140951 0.093643 -0.000401526 0.0491291 	
0.0141578 0.0935894 -0.000181624 0.0492448 	
0.0142204 0.0935589 9.31672e-05 0.0493362 	
0.0142831 0.0935513 0.000416808 0.0494037 	
0.0143458 0.0935657 0.000780856 0.049448 	
0.0144175 0.0936077 0.001234 0.0494715 	
0.0144893 0.0936745 0.00170856 0.0494695 	
0.0145611 0.0937629 0.00218486 0.0494451 	
0.0146328 0.0938694 0.00264229 0.0494016 	
0.0147055 0.0939919 0.00306559 0.0493417 	
0.0147782 0.0941251 0.00342755 0.0492702 	
0.014851 0.0942649 0.00370939 0.0491908 	
0.0149237 0.0944079 0.00389606 0.049107 	
0.0150016 0.0945613 0.00397791 0.0490152 	
0.0150796 0.0947118 0.00392761 0.0489245 	
0.0151575 0.0948569 0.00374163 0.048837 	
0.0152355 0.0949956 0.00342443 0.0487539 	
0.0153074 0.0951177 0.00302493 0.048681 	
0.0153793 0.0952346 0.00253482 0.0486113 	
0.0154512 0.0953473 0.0019699 0.048544 	
0.0155231 0.0954574 0.00134956 0.0484773 	
0.0155911 0.0955608 0.000731246 0.0484133 	
0.0156591 0.0956653 0.000101998 0.0483465 	
0.0157271 0.0957725 -0.000518526 0.0482753 	
0.0157951 0.0958842 -0.00111139 0.0481982 	
0.0158607 0.0959973 -0.00164027 0.0481169 	
0.0159263 0.0961169 -0.00211209 0.0480278 	
0.0159919 0.0962435 -0.00251428 0.0479303 	
0.0160574 0.0963772 -0.00283737 0.0478243 	
0.016131 0.096535 -0.0030977 0.047696 	
0.0162045 0.0967002 -0.00324489 0.0475588 	
0.016278 0.0968707 -0.0032784 0.0474145 	
0.0163515 0.0970437 -0.00320371 0.047266 	
0.0164178 0.0971991 -0.00305189 0.0471314 	
0.0164841 0.0973512 -0.00282986 0.0469992 	
0.0165504 0.0974972 -0.00254968 0.0468725 	
0.0166167 0.0976335 -0.0022254 0.0467548 	
0.0166832 0.0977569 -0.00187162 0.0466492 	
0.0167496 0.0978645 -0.00150478 0.0465595 	
0.016816 0.0979534 -0.00114067 0.0464887 	
0.0168824 0.0980204 -0.000794066 0.0464397 	
0.0169548 0.0980659 -0.000451888 0.046414 	
0.0170272 0.0980809 -0.000161942 0.0464195 	
0.0170995 0.0980638 6.36314e-05 0.0464579 	
0.0171719 0.0980142 0.000217485 0.0465297 	
0.0172327 0.0979475 0.000288913 0.0466156 	
0.0172936 0.097859 0.000307297 0.0467239 	
0.0173544 0.0977501 0.000274867 0.0468535 	
0.0174152 0.0976226 0.000196171 0.0470026 	
0.0174691 0.0974957 9.28965e-05 0.0471491 	
0.017523 0.0973576 -3.63074e-05 0.0473073 	
0.0175769 0.0972104 -0.000185175 0.0474753 	
0.0176308 0.0970561 -0.000346783 0.0476508 	
0.0176923 0.0968742 -0.000537351 0.0478575 	
0.0177538 0.0966895 -0.000723446 0.0480676 	
0.0178153 0.0965056 -0.000893708 0.0482776 	
0.0178768 0.0963257 -0.00103746 0.0484842 	
0.0179389 0.0961515 -0.00114574 0.0486858 	
0.018001 0.0959878 -0.00120785 0.0488774 	
0.0180631 0.0958376 -0.00121637 0.0490561 	
0.0181252 0.095703 -0.00116624 0.0492196 	
0.0181876 0.0955853 -0.00105389 0.0493667 	
0.01825 0.0954869 -0.000878366 0.0494948 	
0.0183125 0.0954086 -0.0006412 0.0496031 	
0.0183749 0.0953508 -0.00034676 0.0496911 	
0.0184436 0.0953105 3.58029e-05 0.0497646 	
0.0185124 0.0952939 0.000468203 0.0498144 	
0.0185812 0.0952996 0.000936297 0.0498418 	
0.01865 0.0953253 0.00142354 0.0498488 	
0.0187129 0.0953641 0.00187109 0.0498396 	
0.0187759 0.0954154 0.00230531 0.049818 	
0.0188388 0.0954768 0.00271189 0.0497863 	
0.0189018 0.095546 0.00307733 0.0497468 	
0.0189778 0.0956367 0.00344634 0.0496916 	
0.0190538 0.0957316 0.00371739 0.049632 	
0.0191298 0.0958274 0.00387476 0.049571 	
0.0192059 0.0959218 0.00390886 0.0495112 	
0.0192842 0.0960158 0.00381102 0.0494521 	
0.0193625 0.0961054 0.0035786 0.0493969 	
0.0194408 0.0961905 0.00321871 0.0493455 	
0.0195192 0.096272 0.00274601 0.0492971 	
0.0195851 0.0963393 0.00227538 0.0492573 	
0.0196511 0.0964067 0.00175286 0.0492169 	
0.019717 0.0964758 0.00119422 0.0491745 	
0.0197829 0.0965485 0.000616409 0.0491283 	
0.0198483 0.0966257 4.1847e-05 0.049077 	
0.0199137 0.0967099 -0.000517239 0.0490188 	
0.0199791 0.0968025 -0.0010445 0.048952 	
0.0200444 0.0969046 -0.00152533 0.0488756 	
0.0201096 0.0970168 -0.00194575 0.0487891 	
0.0201748 0.0971399 -0.00229632 0.0486918 	
0.0202399 0.0972738 -0.00256878 0.0485838 	
0.0203051 0.0974178 -0.00275833 0.0484656 	
0.0203801 0.0975947 -0.00287191 0.0483188 	
0.0204551 0.097781 -0.00287489 0.0481625 	
0.0205301 0.0979735 -0.00277381 0.0480002 	
0.0206051 0.0981679 -0.00258094 0.047836 	
0.0206656 0.0983229 -0.00236962 0.0477053 	
0.0207261 0.0984734 -0.00211885 0.047579 	
0.0207866 0.0986165 -0.00183949 0.0474598 	
0.0208471 0.0987496 -0.00154294 0.0473505 	
0.0209165 0.0988865 -0.00119655 0.0472406 	
0.0209859 0.099003 -0.000860295 0.047151 	
0.0210552 0.0990958 -0.00055048 0.047085 	
0.0211246 0.099162 -0.000281037 0.0470454 	
0.0211904 0.0991984 -7.31582e-05 0.0470342 	
0.0212562 0.0992082 8.0078e-05 0.0470499 	
0.0213221 0.099191 0.000173544 0.0470931 	
0.0213879 0.0991471 0.000205565 0.0471637 	
0.0214513 0.0990802 0.00017952 0.0472567 	
0.0215146 0.0989907 0.000100841 0.0473729 	
0.021578 0.0988807 -2.48788e-05 0.0475105 	
0.0216414 0.0987526 -0.000189663 0.047667 	
0.0217012 0.0986176 -0.000372022 0.0478293 	
0.0217609 0.0984717 -0.000571225 0.0480032 	
0.0218207 0.0983175 -0.000777272 0.0481859 	
0.0218804 0.0981582 -0.000979797 0.0483743 	
0.0219447 0.0979844 -0.00118193 0.04858 	
0.022009 0.0978119 -0.00135508 0.0487849 	
0.0220733 0.0976444 -0.00148741 0.0489855 	
0.0221376 0.0974851 -0.00156891 0.0491782 	
0.0222036 0.0973333 -0.00159124 0.0493649 	
0.0222697 0.0971963 -0.00154441 0.0495373 	
0.0223357 0.0970764 -0.00142434 0.0496929 	
0.0224018 0.0969751 -0.00123055 0.04983 	
0.0224701 0.0968909 -0.000955054 0.0499515 	
0.0225385 0.0968283 -0.000609012 0.0500515 	
0.0226069 0.096787 -0.000201468 0.0501302 	
0.0226753 0.096766 0.000255069 0.0501882 	
0.0227463 0.096764 0.000764638 0.0502285 	
0.0228173 0.0967797 0.00129216 0.0502505 	
0.0228882 0.0968107 0.00181759 0.0502569 	
0.0229592 0.0968538 0.00232041 0.0502505 	
0.0230241 0.0969012 0.00274298 0.0502361 	
0.0230889 0.0969539 0.0031151 0.0502161 	
0.0231538 0.0970096 0.00342354 0.0501929 	
0.0232186 0.0970664 0.0036575 0.0501682 	
0.02329 0.0971284 0.00381906 0.050141 	
0.0233614 0.0971882 0.00387191 0.0501153 	
0.0234327 0.0972446 0.00381208 0.0500922 	
0.0235041 0.0972975 0.00364105 0.0500719 	
0.0235653 0.0973401 0.00341058 0.0500564 	
0.0236264 0.097381 0.00310847 0.0500421 	
0.0236875 0.0974209 0.00274266 0.0500283 	
0.0237487 0.0974609 0.00232309 0.0500137 	
0.0238007 0.097496 0.00193243 0.0499997 	
0.0238527 0.0975332 0.00151888 0.0499833 	
0.0239047 0.0975733 0.00109059 0.0499636 	
0.0239567 0.0976174 0.0006559 0.0499396 	
0.024021 0.0976786 0.000122251 0.0499028 	
0.0240852 0.0977489 -0.000392655 0.0498564 	
0.0241495 0.0978298 -0.000874017 0.0497991 	
0.0242138 0.0979223 -0.00130884 0.0497298 	
0.0242769 0.0980251 -0.0016797 0.0496495 	
0.02434 0.0981402 -0.00198596 0.0495567 	
0.024403 0.0982674 -0.00222107 0.0494515 	
0.0244661 0.0984061 -0.00238154 0.0493346 	
0.0245399 0.0985812 -0.00247362 0.0491847 	
0.0246137 0.0987678 -0.00246499 0.049023 	
0.0246875 0.0989625 -0.00236265 0.0488528 	
0.0247612 0.0991612 -0.00217874 0.0486782 	
0.0248211 0.0993222 -0.00198024 0.0485364 	
0.0248811 0.09948 -0.00174774 0.0483975 	
0.024941 0.0996319 -0.00149166 0.0482641 	
0.0250009 0.0997749 -0.00122289 0.0481389 	
0.0250695 0.0999247 -0.000913289 0.0480091 	
0.0251382 0.100056 -0.000617863 0.0478976 	
0.0252068 0.100164 -0.000351807 0.0478077 	
0.0252755 0.100247 -0.00012794 0.0477425 	
0.0253382 0.1003 3.09512e-05 0.0477062 	
0.025401 0.100328 0.00013942 0.0476937 	
0.0254638 0.100332 0.000193439 0.0477055 	
0.0255266 0.100312 0.000191785 0.0477419 	
0.0255906 0.100268 0.000134047 0.0478036 	
0.0256546 0.100199 2.30497e-05 0.0478893 	
0.0257187 0.10011 -0.000135349 0.0479972 	
0.0257827 0.1 -0.000332809 0.0481251 	
0.0258445 0.0998791 -0.000550981 0.0482651 	
0.0259063 0.0997449 -0.000785729 0.0484186 	
0.0259681 0.0996007 -0.00102583 0.0485826 	
0.02603 0.0994497 -0.00125964 0.048754 	
0.0260955 0.0992857 -0.00148778 0.0489401 	
0.0261611 0.0991214 -0.00168206 0.0491271 	
0.0262266 0.0989606 -0.00182998 0.0493112 	
0.0262922 0.0988065 -0.00192105 0.0494891 	
0.026361 0.0986553 -0.00194648 0.0496658 	
0.0264297 0.0985179 -0.0018927 0.0498292 	
0.0264985 0.0983967 -0.0017557 0.0499769 	
0.0265673 0.0982932 -0.0015358 0.0501071 	
0.0266373 0.0982069 -0.00123095 0.0502209 	
0.0267074 0.0981401 -0.000851512 0.0503153 	
0.0267774 0.0980924 -0.000408306 0.0503905 	
0.0268474 0.0980626 8.42082e-05 0.0504478 	
0.0269039 0.0980502 0.000506227 0.050482 	
0.0269605 0.0980472 0.000939653 0.0505066 	
0.027017 0.0980523 0.00137422 0.0505228 	
0.0270736 0.0980639 0.00179952 0.0505319 	
0.0271301 0.0980808 0.00220522 0.0505354 	
0.0271866 0.0981014 0.00258106 0.0505349 	
0.0272432 0.0981243 0.00291751 0.0505318 	
0.0272997 0.0981483 0.00320621 0.0505273 	
0.0273521 0.0981706 0.00342467 0.0505228 	
0.0274044 0.098192 0.00359094 0.0505187 	
0.0274568 0.098212 0.00370121 0.0505158 	
0.0275092 0.0982301 0.00375306 0.0505143 	
0.0275538 0.098244 0.00375026 0.0505142 	
0.0275984 0.0982564 0.00370406 0.0505154 	
0.027643 0.0982672 0.00361512 0.0505178 	
0.0276877 0.0982768 0.00348479 0.0505211 	
0.0277294 0.0982848 0.00332738 0.0505248 	
0.0277711 0.0982922 0.0031377 0.0505289 	
0.0278128 0.0982993 0.00291827 0.050533 	
0.0278545 0.0983066 0.00267204 0.0505366 	
0.0278961 0.0983144 0.00240285 0.0505394 	
0.0279377 0.0983233 0.00211385 0.0505408 	
0.0279793 0.0983338 0.0018089 0.0505404 	
0.0280209 0.0983465 0.00149199 0.0505376 	
0.0280668 0.0983635 0.00113396 0.0505312 	
0.0281126 0.0983846 0.000772135 0.0505205 	
0.0281585 0.0984103 0.000412187 0.0505049 	
0.0282044 0.0984414 5.95947e-05 0.0504838 	
0.0282699 0.0984963 -0.00042147 0.0504429 	
0.0283355 0.0985648 -0.000862141 0.0503879 	
0.028401 0.0986481 -0.00124958 0.050318 	
0.0284666 0.0987467 -0.00157373 0.0502325 	
0.0285321 0.0988606 -0.00182705 0.0501316 	
0.0285976 0.0989894 -0.00200447 0.0500155 	
0.0286631 0.0991321 -0.00210381 0.0498855 	
0.0287286 0.0992871 -0.00212652 0.049743 	
0.0287962 0.0994574 -0.00207432 0.0495855 	
0.0288638 0.0996354 -0.0019525 0.04942 	
0.0289314 0.0998178 -0.00177113 0.04925 	
0.028999 0.100001 -0.00154282 0.0490791 	
0.0290613 0.100167 -0.00130297 0.0489241 	
0.0291236 0.100326 -0.00104729 0.0487751 	
0.029186 0.100477 -0.000788047 0.048635 	
0.0292483 0.100614 -0.000537151 0.0485069 	
0.0293164 0.100747 -0.000285742 0.0483841 	
0.0293845 0.100859 -7.15701e-05 0.0482823 	
0.0294526 0.100945 9.37053e-05 0.0482044 	
0.0295207 0.101005 0.000201655 0.0481525 	
0.029581 0.101035 0.000244918 0.0481293 	
0.0296412 0.101043 0.000236787 0.0481281 	
0.0297015 0.101029 0.000177245 0.0481488 	
0.0297617 0.100993 6.86267e-05 0.0481909 	
0.0298207 0.100939 -8.11383e-05 0.0482521 	
0.0298797 0.100866 -0.00026834 0.0483316 	
0.0299387 0.100777 -0.000485957 0.0484278 	
0.0299977 0.100674 -0.000725613 0.0485387 	
0.0300626 0.100546 -0.0010036 0.0486752 	
0.0301275 0.100407 -0.00128348 0.0488234 	
0.0301924 0.10026 -0.00155145 0.0489801 	
0.0302573 0.100109 -0.00179397 0.0491417 	
0.0303274 0.0999447 -0.00201255 0.0493178 	
0.0303975 0.0997834 -0.00217139 0.0494913 	
0.0304676 0.0996292 -0.0022578 0.0496584 	
0.0305376 0.0994852 -0.00226278 0.0498158 	
0.0306085 0.0993527 -0.00217939 0.0499624 	
0.0306794 0.0992355 -0.00200429 0.0500942 	
0.0307502 0.0991351 -0.00173893 0.0502095 	
0.0308211 0.0990519 -0.00138972 0.0503078 	
0.0308919 0.0989858 -0.000967603 0.0503893 	
0.0309627 0.0989358 -0.000485178 0.0504548 	
0.0310334 0.0989004 4.14963e-05 0.0505055 	
0.0311042 0.0988776 0.000593767 0.0505435 	
0.031172 0.0988653 0.00112846 0.0505699 	
0.0312399 0.0988601 0.0016499 0.0505889 	
0.0313077 0.0988596 0.00214003 0.0506025 	
0.0313755 0.0988615 0.00258204 0.050613 	
0.0314335 0.0988635 0.00291002 0.050621 	
0.0314914 0.0988647 0.00318312 0.0506292 	
0.0315494 0.098864 0.00339426 0.0506386 	
0.0316073 0.0988609 0.00353834 0.0506498 	
0.031657 0.0988559 0.00360589 0.0506611 	
0.0317068 0.0988487 0.00362036 0.0506742 	
0.0317565 0.0988393 0.00358162 0.0506889 	
0.0318062 0.0988279 0.00349073 0.0507051 	
0.0318578 0.0988144 0.00334337 0.0507231 	
0.0319094 0.0987997 0.00314533 0.0507418 	
0.031961 0.0987846 0.002901 0.0507604 	
0.0320126 0.09877 0.00261576 0.0507782 	
0.0320644 0.0987567 0.00229474 0.0507942 	
0.0321162 0.0987459 0.00194579 0.0508073 	
0.032168 0.0987388 0.00157638 0.0508166 	
0.0322198 0.0987363 0.00119429 0.0508209 	
0.0322745 0.0987402 0.000785606 0.0508188 	
0.0323292 0.0987519 0.000381105 0.0508088 	
0.0323839 0.0987726 -1.00584e-05 0.0507896 	
0.0324387 0.0988034 -0.000379419 0.0507605 	
0.0325012 0.098852 -0.000765128 0.0507138 	
0.0325638 0.0989158 -0.00110184 0.0506521 	
0.0326263 0.0989954 -0.0013811 0.0505748 	
0.0326888 0.0990908 -0.00159709 0.050482 	
0.0327558 0.0992099 -0.00175434 0.050366 	
0.0328227 0.0993454 -0.00183355 0.050234 	
0.0328896 0.0994956 -0.00183629 0.0500875 	
0.0329565 0.0996582 -0.00176783 0.0499292 	
0.0330172 0.0998138 -0.00165096 0.0497777 	
0.0330779 0.0999747 -0.00148969 0.0496213 	
0.0331386 0.100138 -0.00129303 0.0494626 	
0.0331993 0.100301 -0.0010711 0.0493046 	
0.0332633 0.100469 -0.000821573 0.0491418 	
0.0333273 0.10063 -0.000569168 0.0489866 	
0.0333913 0.10078 -0.000326882 0.0488424 	
0.0334553 0.100916 -0.000106784 0.0487121 	
0.0335175 0.101032 7.56914e-05 0.0486016 	
0.0335798 0.10113 0.00021773 0.0485094 	
0.0336421 0.101208 0.0003121 0.0484375 	
0.0337044 0.101264 0.000354016 0.0483872 	
0.0337654 0.101297 0.000341737 0.0483597 	
0.0338264 0.101308 0.000275869 0.0483542 	
0.0338874 0.101297 0.000157931 0.0483705 	
0.0339484 0.101265 -8.12082e-06 0.0484079 	
0.0340101 0.101212 -0.000218701 0.0484659 	
0.0340718 0.101141 -0.000464614 0.0485428 	
0.0341334 0.101053 -0.000736535 0.0486365 	
0.0341951 0.100951 -0.0010238 0.0487446 	
0.0342618 0.100828 -0.00133857 0.0488749 	
0.0343285 0.100695 -0.00164251 0.0490155 	
0.0343952 0.100556 -0.0019204 0.0491628 	
0.0344619 0.100414 -0.00215797 0.0493133 	
0.0345344 0.100261 -0.00235541 0.0494763 	
0.0346068 0.100113 -0.0024751 0.0496347 	
0.0346793 0.0999739 -0.00250556 0.0497849 	
0.0347518 0.0998465 -0.00244013 0.049924 	
0.034824 0.0997331 -0.00227727 0.0500495 	
0.0348962 0.0996348 -0.00201797 0.0501603 	
0.0349685 0.0995522 -0.00166794 0.0502557 	
0.0350407 0.0994851 -0.00123798 0.050336 	
0.035112 0.0994329 -0.000749684 0.0504012 	
0.0351833 0.0993931 -0.000214288 0.0504539 	
0.0352545 0.0993638 0.000349308 0.050496 	
0.0353258 0.0993426 0.000920534 0.0505297 	
0.0353914 0.099328 0.00143455 0.0505554 	
0.035457 0.0993159 0.00192061 0.050578 	
0.0355225 0.0993045 0.00236313 0.0505995 	
0.0355881 0.0992919 0.00274829 0.0506213 	
0.0356537 0.0992768 0.00306436 0.050645 	
0.0357193 0.0992579 0.003301 0.0506715 	
0.0357849 0.0992345 0.00345091 0.0507017 	
0.0358505 0.0992063 0.00351035 0.0507356 	
0.0359172 0.0991731 0.00347748 0.0507737 	
0.0359839 0.0991359 0.00335253 0.0508147 	
0.0360506 0.099096 0.00314089 0.0508575 	
0.0361172 0.099055 0.00285144 0.0509003 	
0.0361788 0.099018 0.00252528 0.0509381 	
0.0362404 0.0989838 0.00215323 0.0509725 	
0.0363019 0.0989542 0.00174711 0.0510014 	
0.0363635 0.0989314 0.00131959 0.051023 	
0.036427 0.0989169 0.000869782 0.0510356 	
0.0364905 0.0989139 0.000425669 0.0510363 	
0.036554 0.0989244 1.2136e-06 0.0510235 	
0.0366175 0.0989499 -0.000390973 0.0509954 	
0.0366816 0.0989921 -0.000742747 0.0509505 	
0.0367457 0.099052 -0.00104027 0.0508882 	
0.0368098 0.0991297 -0.00127584 0.0508081 	
0.0368739 0.0992254 -0.0014448 0.0507106 	
0.0369404 0.0993425 -0.00154756 0.0505918 	
0.0370068 0.0994766 -0.00157677 0.0504564 	
0.0370733 0.0996257 -0.00153579 0.0503064 	
0.0371398 0.0997873 -0.00143132 0.0501444 	
0.0371961 0.0999318 -0.00129978 0.0499998 	
0.0372525 0.100081 -0.00113586 0.0498509 	
0.0373089 0.100232 -0.0009472 0.0496999 	
0.0373653 0.100384 -0.000742098 0.0495493 	
0.03743 0.100555 -0.000497432 0.0493796 	
0.0374948 0.100719 -0.000256095 0.0492172 	
0.0375596 0.100872 -3.12414e-05 0.0490655 	
0.0376243 0.101012 0.000165157 0.0489277 	
0.0376855 0.101128 0.000315028 0.048813 	
0.0377467 0.101228 0.000422079 0.0487156 	
0.0378079 0.101309 0.000480221 0.0486372 	
0.0378691 0.101369 0.00048571 0.0485791 	
0.0379306 0.101409 0.00043658 0.048542 	
0.0379921 0.101427 0.000332744 0.0485264 	
0.0380535 0.101424 0.000176584 0.0485324 	
0.038115 0.1014 -2.70518e-05 0.0485591 	
0.0381786 0.101355 -0.000280198 0.0486072 	
0.0382421 0.101292 -0.000567522 0.0486746 	
0.0383057 0.101211 -0.000878106 0.048759 	
0.0383693 0.101117 -0.0011997 0.0488579 	
0.038437 0.101004 -0.00153968 0.0489761 	
0.0385046 0.100882 -0.00186109 0.0491041 	
0.0385723 0.100754 -0.00214805 0.0492382 	
0.03864 0.100625 -0.00238601 0.0493749 	
0.0387133 0.100486 -0.00257367 0.049522 	
0.0387866 0.100353 -0.00267463 0.0496644 	
0.0388599 0.100228 -0.00267853 0.0497988 	
0.0389332 0.100115 -0.00258033 0.0499225 	
0.0390066 0.100015 -0.0023793 0.0500342 	
0.03908 0.0999286 -0.00207875 0.0501325 	
0.0391534 0.0998566 -0.00168678 0.0502171 	
0.0392269 0.0997979 -0.00121674 0.0502887 	
0.0392984 0.0997522 -0.00069964 0.0503473 	
0.03937 0.099716 -0.000142639 0.0503965 	
0.0394416 0.0996872 0.000434167 0.0504384 	
0.0395132 0.0996632 0.00100956 0.0504753 	
0.0395777 0.0996435 0.0015093 0.0505063 	
0.0396422 0.0996239 0.00197517 0.050537 	
0.0397068 0.0996025 0.00239291 0.050569 	
0.0397713 0.099578 0.00275032 0.0506036 	
0.0398447 0.099545 0.00307078 0.0506474 	
0.0399181 0.0995054 0.00328795 0.0506969 	
0.0399915 0.0994588 0.00339424 0.0507525 	
0.0400649 0.0994056 0.00338796 0.0508137 	
0.0401367 0.0993485 0.00327606 0.0508778 	
0.0402085 0.099288 0.00306595 0.0509442 	
0.0402803 0.0992263 0.00276819 0.0510109 	
0.0403521 0.0991664 0.00239741 0.0510749 	
0.0404167 0.0991167 0.00201565 0.0511277 	
0.0404813 0.0990736 0.00160275 0.0511733 	
0.0405459 0.0990395 0.00117342 0.0512093 	
0.0406106 0.0990168 0.00074251 0.0512334 	
0.0406808 0.0990078 0.00028911 0.0512435 	
0.040751 0.0990177 -0.000131136 0.0512347 	
0.0408213 0.0990484 -0.000502346 0.0512048 	
0.0408915 0.0991015 -0.000811951 0.0511527 	
0.0409517 0.0991652 -0.00102092 0.05109 	
0.0410118 0.0992457 -0.00117336 0.0510107 	
0.041072 0.0993427 -0.0012671 0.0509154 	
0.0411321 0.0994551 -0.00130236 0.0508049 	
0.0411993 0.0995973 -0.00127559 0.0506654 	
0.0412664 0.0997547 -0.00118452 0.0505112 	
0.0413335 0.0999244 -0.00103752 0.0503452 	
0.0414006 0.100103 -0.000845592 0.0501707 	
0.0414612 0.100269 -0.000644576 0.0500092 	
0.0415217 0.100435 -0.000427747 0.0498469 	
0.0415823 0.1006 -0.000205878 0.0496868 	
0.0416428 0.10076 1.02933e-05 0.0495318 	
0.0417065 0.10092 0.000220179 0.0493773 	
0.0417703 0.101069 0.000400542 0.049235 	
0.041834 0.101202 0.000541071 0.0491076 	
0.0418977 0.101318 0.000633576 0.0489977 	
0.0419581 0.101411 0.000671334 0.0489114 	
0.0420184 0.101485 0.000656598 0.0488438 	
0.0420788 0.101539 0.000587665 0.048796 	
0.0421392 0.101573 0.000465247 0.0487681 	
0.0422008 0.101588 0.000288369 0.0487603 	
0.0422623 0.101583 6.35375e-05 0.0487726 	
0.0423238 0.101558 -0.00020252 0.0488041 	
0.0423854 0.101517 -0.000501108 0.0488533 	
0.0424493 0.101457 -0.000834871 0.0489212 	
0.0425132 0.101383 -0.00118019 0.0490039 	
0.0425772 0.101297 -0.00152369 0.0490987 	
0.0426411 0.101203 -0.00185177 0.0492028 	
0.0427121 0.101092 -0.00218162 0.0493258 	
0.042783 0.100978 -0.00245829 0.0494529 	
0.0428539 0.100864 -0.00266606 0.0495802 	
0.0429249 0.100754 -0.0027925 0.0497046 	
0.0429988 0.100646 -0.00282807 0.0498282 	
0.0430728 0.100548 -0.00275834 0.0499429 	
0.0431467 0.100462 -0.00258114 0.0500469 	
0.0432207 0.100388 -0.00230036 0.0501393 	
0.043291 0.10033 -0.00194557 0.0502164 	
0.0433612 0.100281 -0.00151553 0.0502833 	
0.0434315 0.100243 -0.00102401 0.0503413 	
0.0435018 0.100212 -0.000487909 0.0503919 	
0.0435679 0.100187 4.05658e-05 0.0504345 	
0.043634 0.100166 0.000575242 0.0504741 	
0.0437002 0.100146 0.00109918 0.0505125 	
0.0437663 0.100125 0.00159598 0.0505515 	
0.0438285 0.100103 0.00202412 0.0505903 	
0.0438906 0.100077 0.00240266 0.0506324 	
0.0439527 0.100046 0.00272127 0.0506789 	
0.0440148 0.100009 0.00297193 0.0507303 	
0.0440896 0.0999576 0.00317562 0.0507992 	
0.0441644 0.0998973 0.00326609 0.0508757 	
0.0442391 0.0998291 0.00324195 0.0509589 	
0.0443139 0.0997549 0.00310815 0.0510471 	
0.0443787 0.0996876 0.00291099 0.0511255 	
0.0444435 0.0996196 0.00264726 0.0512038 	
0.0445084 0.0995532 0.0023278 0.0512796 	
0.0445732 0.0994909 0.00196533 0.0513506 	
0.0446415 0.0994326 0.00155192 0.0514172 	
0.0447099 0.099385 0.00112352 0.0514723 	
0.0447782 0.0993512 0.000697524 0.051513 	
0.0448466 0.0993338 0.000290418 0.0515365 	
0.0449175 0.0993356 -9.60634e-05 0.0515406 	
0.0449885 0.0993598 -0.000430348 0.0515221 	
0.0450595 0.099408 -0.000699931 0.0514796 	
0.0451304 0.0994806 -0.000896511 0.0514127 	
0.0451913 0.0995623 -0.00100346 0.0513361 	
0.0452522 0.0996612 -0.00105211 0.0512424 	
0.0453131 0.0997764 -0.00104364 0.0511329 	
0.045374 0.0999062 -0.000981619 0.051009 	
0.0454321 0.100042 -0.00087762 0.0508793 	
0.0454901 0.100187 -0.000735956 0.0507402 	
0.0455482 0.10034 -0.000563928 0.0505941 	
0.0456063 0.100497 -0.000369857 0.0504432 	
0.0456692 0.10067 -0.000145352 0.0502776 	
0.045732 0.100842 8.23498e-05 0.0501127 	
0.0457949 0.101011 0.000301165 0.049952 	
0.0458577 0.101172 0.000499614 0.0497987 	
0.04592 0.101322 0.000665676 0.0496569 	
0.0459823 0.101459 0.000791801 0.0495281 	
0.0460445 0.10158 0.000870129 0.0494145 	
0.0461068 0.101685 0.00089508 0.0493181 	
0.0461677 0.101769 0.000864584 0.0492418 	
0.0462285 0.101834 0.000778174 0.0491842 	
0.0462893 0.10188 0.000636438 0.0491459 	
0.0463502 0.101907 0.000442418 0.0491268 	
0.0464147 0.101915 0.000185097 0.0491269 	
0.0464793 0.101904 -0.000117304 0.0491471 	
0.0465439 0.101874 -0.000454646 0.0491857 	
0.0466084 0.101829 -0.000814902 0.0492408 	
0.0466747 0.101768 -0.00119482 0.049312 	
0.046741 0.101695 -0.00156965 0.0493953 	
0.0468073 0.101615 -0.00192394 0.0494876 	
0.0468736 0.101529 -0.00224289 0.0495861 	
0.0469473 0.101431 -0.00253941 0.0496992 	
0.0470211 0.101334 -0.00275786 0.0498122 	
0.0470948 0.101241 -0.00288423 0.049922 	
0.0471685 0.101155 -0.00290939 0.0500256 	
0.0472431 0.101078 -0.00282715 0.0501224 	
0.0473178 0.101011 -0.00263545 0.0502094 	
0.0473924 0.100955 -0.00233854 0.0502862 	
0.0474671 0.10091 -0.00194667 0.0503529 	
0.0475378 0.100877 -0.00150157 0.0504079 	
0.0476084 0.10085 -0.000999557 0.0504562 	
0.0476791 0.100828 -0.000458196 0.0504998 	
0.0477498 0.100809 0.00010307 0.0505407 	
0.0478101 0.100793 0.000582669 0.0505752 	
0.0478705 0.100776 0.00104919 0.0506108 	
0.0479308 0.100757 0.00149029 0.0506489 	
0.0479911 0.100733 0.00189465 0.0506907 	
0.0480599 0.100699 0.00229805 0.0507442 	
0.0481287 0.100658 0.00262717 0.0508049 	
0.0481975 0.100608 0.00287167 0.0508736 	
0.0482663 0.100549 0.00302531 0.0509503 	
0.0483423 0.100474 0.00308653 0.0510438 	
0.0484184 0.10039 0.00303432 0.051145 	
0.0484944 0.100299 0.00287466 0.0512517 	
0.0485704 0.100205 0.00261966 0.0513607 	
0.0486345 0.100125 0.00234249 0.0514518 	
0.0486987 0.100048 0.00202047 0.0515393 	
0.0487628 0.0999765 0.00166641 0.0516208 	
0.0488269 0.0999127 0.00129395 0.0516935 	
0.0488983 0.0998542 0.000874846 0.0517609 	
0.0489696 0.0998124 0.00046945 0.0518109 	
0.049041 0.0997902 9.57174e-05 0.0518403 	
0.0491123 0.0997902 -0.000231013 0.0518467 	
0.0491761 0.0998104 -0.000472738 0.0518318 	
0.0492398 0.0998506 -0.000659448 0.0517967 	
0.0493035 0.099911 -0.000786248 0.0517414 	
0.0493673 0.0999914 -0.00085119 0.0516661 	
0.0494312 0.100091 -0.000854824 0.0515714 	
0.0494952 0.100209 -0.000799484 0.0514589 	
0.0495591 0.100342 -0.000690339 0.0513307 	
0.0496231 0.100489 -0.000535049 0.0511892 	
0.0496826 0.100636 -0.000357448 0.0510478 	
0.0497421 0.100789 -0.000156848 0.0508998 	
0.0498016 0.100946 5.71993e-05 0.0507477 	
0.0498611 0.101105 0.000274715 0.0505944 	
0.0499269 0.101278 0.000507077 0.0504267 	
0.0499927 0.101446 0.000717739 0.0502644 	
0.0500585 0.101604 0.000894067 0.0501113 	
0.0501243 0.10175 0.00102528 0.0499703 	
0.0501854 0.101873 0.00109895 0.0498527 	
0.0502465 0.10198 0.00112016 0.04975 	
0.0503076 0.102071 0.00108512 0.0496636 	
0.0503687 0.102144 0.000992518 0.0495947 	
0.0504307 0.1022 0.000840788 0.0495431 	
0.0504927 0.102236 0.000633497 0.0495101 	
0.0505546 0.102255 0.000375611 0.0494954 	
0.0506166 0.102256 7.4412e-05 0.0494981 	
0.0506839 0.102238 -0.000291639 0.0495194 	
0.0507513 0.102204 -0.000684687 0.0495578 	
0.0508187 0.102156 -0.00108976 0.0496109 	
0.0508861 0.102096 -0.00149095 0.049676 	
0.0509565 0.102025 -0.00188862 0.0497535 	
0.0510269 0.101948 -0.00224607 0.0498375 	
0.0510973 0.101869 -0.00254634 0.0499246 	
0.0511677 0.10179 -0.0027751 0.0500117 	
0.0512421 0.101711 -0.00292642 0.0501009 	
0.0513164 0.101639 -0.00297445 0.0501846 	
0.0513908 0.101575 -0.00291324 0.0502608 	
0.0514652 0.10152 -0.00274288 0.0503285 	
0.0515329 0.101479 -0.00249682 0.0503826 	
0.0516007 0.101445 -0.00217084 0.0504297 	
0.0516685 0.101417 -0.00177471 0.0504705 	
0.0517363 0.101396 -0.00132134 0.0505064 	
0.0517988 0.101379 -0.000865531 0.0505366 	
0.0518613 0.101363 -0.000386785 0.0505654 	
0.0519238 0.101348 0.00010121 0.0505945 	
0.0519863 0.101331 0.000584605 0.0506254 	
0.0520433 0.101312 0.0010099 0.0506564 	
0.0521003 0.101289 0.00140986 0.0506914 	
0.0521573 0.101261 0.00177514 0.0507313 	
0.0522143 0.101227 0.00209763 0.0507768 	
0.0522841 0.101176 0.00242427 0.0508411 	
0.0523538 0.101115 0.00266629 0.0509153 	
0.0524236 0.101043 0.00281687 0.0509994 	
0.0524933 0.100961 0.00287378 0.0510928 	
0.0525682 0.100863 0.00283271 0.0512016 	
0.052643 0.100757 0.00269158 0.0513172 	
0.0527179 0.100647 0.00246088 0.0514364 	
0.0527927 0.100536 0.00215588 0.0515556 	
0.052858 0.100442 0.00184403 0.0516561 	
0.0529232 0.100353 0.00150314 0.0517505 	
0.0529884 0.100272 0.00114744 0.0518359 	
0.0530536 0.100203 0.000791184 0.0519094 	
0.0531267 0.100142 0.000408409 0.0519745 	
0.0531997 0.100102 6.108e-05 0.0520179 	
0.0532728 0.100086 -0.000234459 0.052037 	
0.0533459 0.100095 -0.000465786 0.0520297 	
0.0534062 0.100123 -0.000602042 0.0520033 	
0.0534665 0.100169 -0.000685104 0.0519582 	
0.0535268 0.100234 -0.000713772 0.0518948 	
0.0535872 0.100316 -0.000689187 0.0518138 	
0.0536493 0.100418 -0.000611427 0.0517133 	
0.0537115 0.100536 -0.000485593 0.0515971 	
0.0537737 0.100667 -0.000318795 0.0514674 	
0.0538359 0.100809 -0.000119939 0.0513267 	
0.053898 0.100959 0.000100404 0.0511781 	
0.0539601 0.101114 0.000331533 0.0510242 	
0.0540222 0.101271 0.000561985 0.0508681 	
0.0540842 0.101428 0.000780377 0.050713 	
0.0541483 0.101585 0.000981576 0.050557 	
0.0542124 0.101734 0.00114667 0.0504083 	
0.0542765 0.101873 0.00126557 0.0502701 	
0.0543406 0.101999 0.00133038 0.0501447 	
0.0544048 0.102109 0.00133532 0.050034 	
0.054469 0.102203 0.00127623 0.0499401 	
0.0545332 0.102279 0.00115176 0.0498641 	
0.0545974 0.102336 0.000963718 0.0498065 	
0.0546633 0.102375 0.00070909 0.0497666 	
0.0547292 0.102395 0.000399037 0.0497457 	
0.0547952 0.102398 4.30723e-05 0.0497428 	
0.0548611 0.102383 -0.000346864 0.0497562 	
0.0549244 0.102356 -0.000740259 0.0497826 	
0.0549876 0.102318 -0.00113942 0.0498203 	
0.0550508 0.102271 -0.00153086 0.049867 	
0.0551141 0.102218 -0.0019012 0.0499205 	
0.0551856 0.102153 -0.00227827 0.0499862 	
0.0552571 0.102086 -0.00259414 0.0500544 	
0.0553286 0.102021 -0.00283343 0.0501221 	
0.0554 0.101959 -0.00298451 0.0501868 	
0.0554751 0.1019 -0.00303966 0.0502496 	
0.0555501 0.101849 -0.00298321 0.0503054 	
0.0556251 0.101807 -0.00281472 0.0503533 	
0.0557002 0.101773 -0.00254004 0.0503934 	
0.0557688 0.101749 -0.00220494 0.0504241 	
0.0558374 0.10173 -0.00180074 0.0504502 	
0.0559061 0.101714 -0.00134107 0.0504731 	
0.0559747 0.1017 -0.000841944 0.0504948 	
0.0560313 0.101688 -0.000413341 0.0505132 	
0.0560878 0.101674 1.99792e-05 0.0505334 	
0.0561444 0.101658 0.00044773 0.0505567 	
0.056201 0.101637 0.000859981 0.0505841 	
0.0562627 0.101608 0.00128086 0.05062 	
0.0563244 0.101571 0.00166052 0.0506633 	
0.056386 0.101526 0.00198887 0.0507149 	
0.0564477 0.101471 0.00225797 0.0507755 	
0.0565188 0.101396 0.00248705 0.0508566 	
0.0565899 0.101309 0.00262341 0.0509495 	
0.056661 0.10121 0.0026649 0.0510535 	
0.056732 0.101101 0.00261428 0.0511668 	
0.0567987 0.100992 0.00248915 0.0512793 	
0.0568653 0.100878 0.00229676 0.0513955 	
0.0569319 0.100763 0.00204747 0.0515127 	
0.0569986 0.100649 0.00175386 0.051628 	
0.0570646 0.100541 0.00143297 0.051737 	
0.0571306 0.100441 0.00109684 0.0518379 	
0.0571967 0.100352 0.00076019 0.0519273 	
0.0572627 0.100276 0.00043715 0.0520024 	
0.0573328 0.100214 0.000123784 0.0520637 	
0.0574028 0.100174 -0.000144874 0.0521032 	
0.0574729 0.100157 -0.000356846 0.0521188 	
0.057543 0.100165 -0.00050392 0.0521093 	
0.0576037 0.100192 -0.000575056 0.0520804 	
0.0576644 0.100239 -0.000592282 0.0520323 	
0.0577251 0.100304 -0.000556309 0.0519658 	
0.0577858 0.100387 -0.00047018 0.0518817 	
0.0578419 0.100478 -0.000350414 0.0517899 	
0.0578979 0.10058 -0.000197142 0.0516858 	
0.057954 0.100694 -1.65431e-05 0.0515712 	
0.0580101 0.100816 0.000184239 0.0514479 	
0.0580738 0.100963 0.000427249 0.0512998 	
0.0581376 0.101115 0.000673889 0.0511464 	
0.0582013 0.101269 0.000911605 0.0509909 	
0.0582651 0.101422 0.00112823 0.0508367 	
0.05833 0.101573 0.00131513 0.0506843 	
0.0583948 0.101716 0.00145714 0.0505396 	
0.0584596 0.101848 0.00154482 0.0504055 	
0.0585245 0.101967 0.00157128 0.0502843 	
0.058591 0.102074 0.00153018 0.0501753 	
0.0586575 0.102164 0.00141732 0.0500835 	
0.058724 0.102235 0.00123315 0.0500099 	
0.0587906 0.102288 0.000981765 0.0499547 	
0.0588558 0.102322 0.000676578 0.0499181 	
0.0589211 0.102339 0.000322055 0.0498983 	
0.0589863 0.102341 -7.09358e-05 0.0498939 	
0.0590516 0.10233 -0.000489558 0.0499032 	
0.0591135 0.102308 -0.000897603 0.049923 	
0.0591754 0.102278 -0.0013033 0.0499515 	
0.0592374 0.102242 -0.00169375 0.0499866 	
0.0592993 0.102202 -0.00205652 0.0500264 	
0.0593685 0.102154 -0.00241506 0.050074 	
0.0594378 0.102106 -0.00270897 0.0501224 	
0.059507 0.10206 -0.00292537 0.0501691 	
0.0595762 0.102018 -0.00305492 0.0502124 	
0.0596517 0.101979 -0.00309047 0.0502542 	
0.0597272 0.101948 -0.0030118 0.0502892 	
0.0598027 0.101924 -0.00282033 0.0503171 	
0.0598783 0.101908 -0.00252384 0.0503386 	
0.0599267 0.1019 -0.00228428 0.0503496 	
0.0599751 0.101895 -0.00201067 0.050359 	
0.0600235 0.101891 -0.00170779 0.0503674 	
0.0600719 0.101887 -0.00138099 0.0503754 	
0.0601203 0.101883 -0.00103603 0.0503838 	
0.0601687 0.101878 -0.000679087 0.0503934 	
0.0602171 0.101871 -0.000316471 0.050405 	
0.0602655 0.101862 4.5484e-05 0.0504193 	
0.0603226 0.101846 0.000462752 0.0504406 	
0.0603796 0.101825 0.00086029 0.0504681 	
0.0604367 0.101796 0.00122868 0.0505026 	
0.0604938 0.101759 0.00155963 0.050545 	
0.0605597 0.101705 0.00188613 0.0506046 	
0.0606256 0.101639 0.00214394 0.0506762 	
0.0606915 0.101561 0.00232649 0.0507598 	
0.0607574 0.10147 0.00243072 0.050855 	
0.0608321 0.101355 0.00245434 0.0509754 	
0.0609068 0.101227 0.00238101 0.0511071 	
0.0609815 0.101091 0.00221901 0.051247 	
0.0610562 0.100949 0.00198162 0.0513913 	
0.061119 0.10083 0.00173621 0.0515128 	
0.0611817 0.100713 0.00146036 0.0516317 	
0.0612445 0.1006 0.00116602 0.0517451 	
0.0613072 0.100496 0.00086547 0.0518504 	
0.0613777 0.100391 0.000535819 0.0519554 	
0.0614481 0.100304 0.000230577 0.0520431 	
0.0615185 0.100237 -3.50199e-05 0.0521102 	
0.0615889 0.100192 -0.000248638 0.0521544 	
0.0616495 0.100174 -0.000383481 0.0521726 	
0.0617101 0.100174 -0.00046814 0.0521716 	
0.0617707 0.100194 -0.000500082 0.0521511 	
0.0618312 0.100234 -0.000479161 0.0521113 	
0.061894 0.100294 -0.000403708 0.0520504 	
0.0619569 0.100373 -0.000277437 0.0519706 	
0.0620197 0.10047 -0.000106469 0.0518738 	
0.0620825 0.100581 0.000100971 0.051762 	
0.0621453 0.100706 0.00033521 0.0516376 	
0.0622082 0.10084 0.000585243 0.0515033 	
0.062271 0.100981 0.000839386 0.0513622 	
0.0623338 0.101126 0.0010857 0.0512172 	
0.0624008 0.101281 0.00132645 0.0510618 	
0.0624678 0.101433 0.00153096 0.0509092 	
0.0625348 0.101579 0.00168669 0.0507629 	
0.0626018 0.101716 0.00178351 0.0506259 	
0.06267 0.101843 0.00181359 0.0504987 	
0.0627382 0.101955 0.00176863 0.0503861 	
0.0628063 0.10205 0.00164591 0.05029 	
0.0628745 0.102128 0.00144674 0.0502113 	
0.0629422 0.102188 0.00117773 0.0501506 	
0.0630099 0.102231 0.000844919 0.050107 	
0.0630777 0.102258 0.000458306 0.05008 	
0.0631454 0.102269 3.07504e-05 0.0500679 	
0.063213 0.102268 -0.000421749 0.0500689 	
0.0632805 0.102256 -0.000884277 0.050081 	
0.0633481 0.102236 -0.00134015 0.0501015 	
0.0634156 0.10221 -0.00177275 0.0501282 	
0.0634757 0.102185 -0.002125 0.0501551 	
0.0635358 0.102158 -0.00243541 0.0501832 	
0.0635959 0.102133 -0.00269446 0.050211 	
0.063656 0.102109 -0.00289438 0.0502371 	
0.0637307 0.102085 -0.00305172 0.0502658 	
0.0638054 0.102067 -0.00310006 0.050289 	
0.0638802 0.102057 -0.00303585 0.0503056 	
0.0639549 0.102053 -0.00286179 0.0503161 	
0.0639982 0.102054 -0.00271355 0.0503196 	
0.0640415 0.102057 -0.00253289 0.0503216 	
0.0640847 0.102061 -0.0023224 0.0503223 	
0.064128 0.102066 -0.00208513 0.0503223 	
0.0641713 0.102072 -0.00182455 0.0503219 	
0.0642146 0.102078 -0.00154447 0.0503217 	
0.0642579 0.102083 -0.00124897 0.0503223 	
0.0643012 0.102087 -0.000942333 0.0503242 	
0.0643431 0.102089 -0.000639311 0.0503278 	
0.064385 0.102089 -0.000334113 0.0503338 	
0.0644268 0.102086 -3.08271e-05 0.0503426 	
0.0644687 0.10208 0.000266564 0.0503548 	
0.0645297 0.102064 0.000681497 0.0503795 	
0.0645907 0.102038 0.00106435 0.0504136 	
0.0646517 0.102002 0.0014049 0.0504581 	
0.0647127 0.101954 0.00169478 0.0505139 	
0.0647799 0.101888 0.00194741 0.0505886 	
0.064847 0.101808 0.00212421 0.0506773 	
0.0649141 0.101714 0.00222173 0.0507794 	
0.0649812 0.101607 0.00224036 0.0508938 	
0.0650502 0.101485 0.00218096 0.0510223 	
0.0651193 0.101354 0.00204828 0.0511595 	
0.0651884 0.101217 0.00185195 0.0513024 	
0.0652574 0.101077 0.00160448 0.0514475 	
0.065321 0.10095 0.0013442 0.0515797 	
0.0653845 0.100826 0.00106508 0.0517077 	
0.065448 0.100708 0.000779756 0.0518284 	
0.0655115 0.100601 0.000500686 0.0519389 	
0.0655814 0.100498 0.000214907 0.0520455 	
0.0656513 0.100413 -3.38113e-05 0.0521332 	
0.0657212 0.100349 -0.000232573 0.052199 	
0.0657911 0.10031 -0.00037184 0.0522409 	
0.0658518 0.100295 -0.0004394 0.0522569 	
0.0659124 0.1003 -0.00045467 0.0522533 	
0.065973 0.100325 -0.000417177 0.0522302 	
0.0660337 0.100368 -0.000328814 0.052188 	
0.0660907 0.100425 -0.000202602 0.0521317 	
0.0661478 0.100498 -3.9205e-05 0.0520605 	
0.0662049 0.100583 0.000155538 0.0519759 	
0.066262 0.10068 0.000374585 0.0518795 	
0.0663267 0.100802 0.000642288 0.0517584 	
0.0663914 0.100934 0.000918374 0.0516274 	
0.0664561 0.101072 0.0011897 0.05149 	
0.0665208 0.101213 0.00144319 0.0513492 	
0.0665899 0.101363 0.00168028 0.0511987 	
0.0666591 0.10151 0.00186806 0.0510519 	
0.0667283 0.101649 0.00199396 0.0509123 	
0.0667974 0.101777 0.00204857 0.0507829 	
0.0668674 0.101894 0.00202479 0.0506648 	
0.0669374 0.101996 0.00191746 0.0505617 	
0.0670074 0.102081 0.00172639 0.0504749 	
0.0670774 0.102148 0.00145591 0.0504049 	
0.0671464 0.102199 0.00111932 0.0503522 	
0.0672154 0.102233 0.000723443 0.0503149 	
0.0672845 0.102254 0.00028127 0.0502918 	
0.0673535 0.102262 -0.000191694 0.050281 	
0.0674188 0.102261 -0.000652277 0.0502802 	
0.0674841 0.102252 -0.00110995 0.0502866 	
0.0675494 0.102239 -0.00154939 0.0502979 	
0.0676148 0.102223 -0.00195592 0.050312 	
0.0676712 0.102209 -0.00226987 0.0503251 	
0.0677276 0.102196 -0.00254085 0.0503376 	
0.0677839 0.102185 -0.0027618 0.0503484 	
0.0678403 0.102177 -0.00292718 0.0503569 	
0.0678909 0.102172 -0.00302479 0.0503619 	
0.0679415 0.102171 -0.00307225 0.0503641 	
0.067992 0.102173 -0.00306854 0.0503634 	
0.0680426 0.102178 -0.00301381 0.0503599 	
0.0680932 0.102186 -0.00290929 0.0503536 	
0.0681437 0.102197 -0.00275712 0.0503449 	
0.0681943 0.10221 -0.00256045 0.0503344 	
0.0682448 0.102225 -0.0023234 0.0503226 	
0.0682963 0.102241 -0.00204585 0.05031 	
0.0683477 0.102256 -0.00173757 0.0502978 	
0.0683992 0.102271 -0.00140512 0.050287 	
0.0684506 0.102283 -0.00105551 0.0502785 	
0.0685042 0.102293 -0.000681001 0.0502732 	
0.0685578 0.102297 -0.000304331 0.0502728 	
0.0686114 0.102296 6.60825e-05 0.0502784 	
0.068665 0.102288 0.000422217 0.050291 	
0.0687269 0.102268 0.000805944 0.0503156 	
0.0687887 0.102237 0.00114973 0.0503519 	
0.0688506 0.102192 0.0014443 0.050401 	
0.0689125 0.102134 0.00168259 0.0504633 	
0.0689799 0.102056 0.00187242 0.0505462 	
0.0690474 0.101962 0.0019854 0.0506444 	
0.0691148 0.101853 0.00202066 0.0507568 	
0.0691822 0.101731 0.00198116 0.0508819 	
0.0692464 0.101605 0.00187966 0.0510104 	
0.0693105 0.101471 0.00172296 0.051146 	
0.0693747 0.101333 0.00152021 0.0512859 	
0.0694388 0.101193 0.00128229 0.0514271 	
0.0695029 0.101055 0.00102148 0.0515666 	
0.069567 0.100921 0.000750323 0.0517011 	
0.0696311 0.100794 0.000481703 0.0518276 	
0.0696952 0.100679 0.000227963 0.0519431 	
0.0697611 0.100574 -5.42862e-06 0.0520474 	
0.069827 0.100487 -0.000199302 0.0521344 	
0.069893 0.100419 -0.000344031 0.0522017 	
0.0699589 0.100372 -0.000432812 0.0522478 	
0.0700199 0.100349 -0.000461423 0.0522706 	
0.0700808 0.100344 -0.000436782 0.0522738 	
0.0701418 0.10036 -0.000359335 0.0522575 	
0.0702027 0.100394 -0.000231919 0.0522221 	
0.0702582 0.100441 -7.6729e-05 0.0521743 	
0.0703136 0.100501 0.000111111 0.0521126 	
0.070369 0.100574 0.000325743 0.0520383 	
0.0704245 0.100658 0.000560326 0.051953 	
0.0704825 0.100755 0.000819101 0.0518536 	
0.0705406 0.100861 0.0010821 0.0517459 	
0.0705986 0.100973 0.00133969 0.0516324 	
0.0706566 0.101088 0.00158234 0.0515151 	
0.0707265 0.101227 0.00184169 0.0513722 	
0.0707963 0.101365 0.00205071 0.0512311 	
0.0708662 0.101497 0.00219604 0.0510954 	
0.0709361 0.10162 0.00226754 0.0509679 	
0.0710075 0.101734 0.00225711 0.0508489 	
0.0710789 0.101834 0.00215748 0.0507435 	
0.0711503 0.101919 0.00196811 0.0506531 	
0.0712217 0.101987 0.00169338 0.0505784 	
0.0712911 0.102039 0.00135252 0.0505205 	
0.0713605 0.102077 0.000949172 0.0504765 	
0.07143 0.102102 0.000496538 0.0504452 	
0.0714994 0.102116 1.04417e-05 0.0504249 	
0.0715499 0.10212 -0.00035408 0.0504157 	
0.0716003 0.102121 -0.000720053 0.0504104 	
0.0716508 0.102119 -0.00108034 0.0504079 	
0.0717013 0.102116 -0.00142794 0.0504073 	
0.0717518 0.102111 -0.00175606 0.0504077 	
0.0718023 0.102107 -0.00205812 0.0504083 	
0.0718527 0.102104 -0.0023281 0.0504081 	
0.0719032 0.102102 -0.00256074 0.0504066 	
0.0719662 0.102104 -0.00279205 0.0504018 	
0.0720292 0.10211 -0.00295118 0.050393 	
0.0720922 0.102121 -0.0030333 0.0503796 	
0.0721552 0.102137 -0.00303653 0.0503616 	
0.0722146 0.102157 -0.0029678 0.0503404 	
0.0722741 0.102182 -0.00283159 0.0503159 	
0.0723335 0.102209 -0.00263218 0.0502886 	
0.072393 0.102239 -0.00237583 0.0502598 	
0.0724524 0.102269 -0.00207077 0.0502308 	
0.0725117 0.102298 -0.00172582 0.0502029 	
0.0725711 0.102325 -0.00135109 0.050178 	
0.0726305 0.102348 -0.000957428 0.0501575 	
0.072692 0.102365 -0.000541948 0.0501429 	
0.0727535 0.102374 -0.000130918 0.0501368 	
0.0728149 0.102373 0.000263397 0.0501409 	
0.0728764 0.10236 0.00062978 0.0501566 	
0.0729374 0.102335 0.000955662 0.050185 	
0.0729983 0.102296 0.00123537 0.0502269 	
0.0730593 0.102244 0.00146189 0.0502829 	
0.0731203 0.102176 0.00163052 0.0503532 	
0.0731883 0.102085 0.00174732 0.0504479 	
0.0732564 0.101976 0.00178762 0.050559 	
0.0733244 0.101853 0.00175361 0.0506847 	
0.0733925 0.101717 0.00165123 0.0508229 	
0.0734507 0.101593 0.00151618 0.0509486 	
0.0735088 0.101464 0.00134426 0.0510793 	
0.073567 0.101332 0.0011433 0.0512128 	
0.0736252 0.101199 0.000922005 0.0513468 	
0.0736904 0.101052 0.00066086 0.0514947 	
0.0737557 0.100911 0.00039928 0.0516368 	
0.0738209 0.100779 0.000150583 0.0517696 	
0.0738862 0.10066 -7.29228e-05 0.05189 	
0.0739482 0.10056 -0.000251714 0.0519904 	
0.0740101 0.100476 -0.000389285 0.052075 	
0.0740721 0.10041 -0.000478904 0.0521421 	
0.074134 0.100362 -0.000516167 0.0521904 	
0.0741957 0.100334 -0.000499045 0.052219 	
0.0742573 0.100326 -0.000427291 0.0522279 	
0.0743189 0.100337 -0.000302588 0.0522173 	
0.0743805 0.100367 -0.000129056 0.0521878 	
0.074443 0.100415 9.06124e-05 0.0521397 	
0.0745056 0.100481 0.000346286 0.0520748 	
0.0745681 0.100561 0.000628392 0.0519951 	
0.0746306 0.100653 0.000926018 0.0519029 	
0.0746978 0.100763 0.00124977 0.0517927 	
0.074765 0.100882 0.00156267 0.0516743 	
0.0748321 0.101004 0.00184964 0.051551 	
0.0748993 0.101128 0.00209663 0.0514261 	
0.0749717 0.10126 0.00230367 0.0512935 	
0.0750441 0.101385 0.00243544 0.0511664 	
0.0751166 0.101501 0.00248113 0.051048 	
0.075189 0.101605 0.00243463 0.0509408 	
0.0752619 0.101697 0.00229287 0.0508458 	
0.0753348 0.101774 0.00205719 0.0507649 	
0.0754077 0.101837 0.00173354 0.0506984 	
0.0754806 0.101885 0.0013329 0.0506458 	
0.0755511 0.10192 0.000885454 0.0506069 	
0.0756217 0.101944 0.000395086 0.0505781 	
0.0756923 0.10196 -0.000120557 0.0505575 	
0.0757629 0.10197 -0.000642442 0.0505429 	
0.0758246 0.101977 -0.00108829 0.050533 	
0.0758863 0.101982 -0.00151105 0.0505241 	
0.0759479 0.101989 -0.00189844 0.0505146 	
0.0760096 0.101997 -0.00223955 0.0505032 	
0.0760731 0.10201 -0.00253236 0.0504882 	
0.0761366 0.102027 -0.00275713 0.0504689 	
0.0762001 0.102051 -0.00290725 0.0504446 	
0.0762636 0.10208 -0.00297907 0.0504149 	
0.0763319 0.102117 -0.00296782 0.0503775 	
0.0764001 0.10216 -0.00286628 0.0503347 	
0.0764684 0.102209 -0.00267934 0.0502879 	
0.0765367 0.10226 -0.00241567 0.0502388 	
0.0766013 0.102309 -0.00210579 0.050192 	
0.0766659 0.102356 -0.00174884 0.0501472 	
0.0767306 0.102401 -0.0013577 0.0501063 	
0.0767952 0.102439 -0.00094627 0.0500719 	
0.0768614 0.102469 -0.000518808 0.0500457 	
0.0769275 0.102488 -0.000100644 0.0500309 	
0.0769937 0.102493 0.000293429 0.0500298 	
0.0770599 0.102483 0.00065028 0.0500441 	
0.0771208 0.102459 0.000935845 0.050072 	
0.0771816 0.102421 0.00117261 0.050115 	
0.0772425 0.102366 0.00135483 0.0501732 	
0.0773034 0.102297 0.00147913 0.0502467 	
0.0773712 0.102202 0.00154795 0.0503458 	
0.0774389 0.102091 0.00154419 0.0504618 	
0.0775067 0.101964 0.00147177 0.0505929 	
0.0775745 0.101824 0.00133805 0.0507365 	
0.0776327 0.101697 0.00118179 0.0508675 	
0.0776909 0.101564 0.000995021 0.0510035 	
0.0777492 0.101429 0.000786107 0.0511419 	
0.0778074 0.101293 0.000564065 0.0512806 	
0.0778733 0.101143 0.000308494 0.0514347 	
0.0779393 0.100999 6.19339e-05 0.0515822 	
0.0780052 0.100865 -0.000162343 0.0517198 	
0.0780711 0.100744 -0.000352487 0.0518442 	
0.0781326 0.100645 -0.000489919 0.051946 	
0.078194 0.100563 -0.000581559 0.052032 	
0.0782555 0.100497 -0.000622101 0.0521008 	
0.0783169 0.10045 -0.00060861 0.0521513 	
0.0783793 0.100422 -0.000538869 0.0521831 	
0.0784417 0.100413 -0.000413583 0.0521954 	
0.078504 0.100424 -0.00023601 0.0521882 	
0.0785664 0.100453 -1.18692e-05 0.0521626 	
0.078628 0.100498 0.000247845 0.0521205 	
0.0786896 0.100559 0.000536754 0.0520631 	
0.0787513 0.100633 0.00084475 0.0519925 	
0.0788129 0.100718 0.00116074 0.0519109 	
0.0788816 0.100822 0.00150824 0.0518097 	
0.0789503 0.100933 0.0018347 0.0517012 	
0.079019 0.101048 0.00212414 0.0515889 	
0.0790877 0.101163 0.0023622 0.051476 	
0.079161 0.101282 0.00254572 0.0513582 	
0.0792344 0.101394 0.00264348 0.0512467 	
0.0793077 0.101497 0.00264637 0.0511442 	
0.079381 0.101589 0.00255054 0.0510527 	
0.0794547 0.101667 0.00235588 0.0509729 	
0.0795283 0.101733 0.00206676 0.0509059 	
0.0796019 0.101786 0.00169203 0.0508515 	
0.0796755 0.101827 0.00124545 0.0508084 	
0.0797439 0.101856 0.000781705 0.0507772 	
0.0798122 0.101878 0.000286309 0.0507526 	
0.0798805 0.101895 -0.000223826 0.0507328 	
0.0799489 0.10191 -0.000731117 0.0507155 	
0.0800097 0.101923 -0.00116634 0.0507005 	
0.0800706 0.101937 -0.00157316 0.0506844 	
0.0801315 0.101955 -0.00194027 0.0506657 	
0.0801924 0.101976 -0.0022579 0.0506434 	
0.0802635 0.102006 -0.00255555 0.0506116 	
0.0803346 0.102045 -0.00276371 0.0505726 	
0.0804057 0.102091 -0.00287538 0.0505259 	
0.0804769 0.102146 -0.00288849 0.0504719 	
0.0805502 0.10221 -0.00280105 0.0504097 	
0.0806236 0.102279 -0.00261677 0.0503424 	
0.0806969 0.102352 -0.00234569 0.0502724 	
0.0807703 0.102425 -0.00200226 0.0502025 	
0.0808374 0.102489 -0.00163934 0.0501415 	
0.0809045 0.102548 -0.00124508 0.050086 	
0.0809717 0.102599 -0.000835129 0.0500389 	
0.0810388 0.102639 -0.000425282 0.0500029 	
0.0811115 0.102668 2.53985e-07 0.0499791 	
0.0811841 0.102678 0.000389019 0.049974 	
0.0812567 0.102666 0.000724641 0.0499897 	
0.0813293 0.102633 0.00099452 0.0500279 	
0.0813898 0.102587 0.00116247 0.0500773 	
0.0814503 0.102525 0.00127476 0.0501427 	
0.0815108 0.102448 0.00132989 0.0502238 	
0.0815713 0.102356 0.00132871 0.0503197 	
0.0816357 0.102244 0.00126883 0.0504366 	
0.0817001 0.102118 0.00115382 0.0505667 	
0.0817645 0.101981 0.000991336 0.0507078 	
0.0818289 0.101836 0.000791101 0.050857 	
0.0818908 0.101692 0.000573464 0.0510051 	
0.0819527 0.101546 0.000342078 0.0511549 	
0.0820146 0.101402 0.00010818 0.0513035 	
0.0820765 0.101262 -0.000117089 0.0514478 	
0.0821406 0.101124 -0.000329859 0.0515898 	
0.0822047 0.100998 -0.000510424 0.0517212 	
0.0822689 0.100885 -0.000648793 0.0518392 	
0.082333 0.100787 -0.00073715 0.0519416 	
0.0823938 0.100711 -0.000769522 0.0520227 	
0.0824546 0.100652 -0.000748221 0.0520868 	
0.0825155 0.100611 -0.000671915 0.0521332 	
0.0825763 0.100588 -0.000541688 0.0521616 	
0.0826385 0.100583 -0.00035603 0.0521721 	
0.0827008 0.100597 -0.000122382 0.0521647 	
0.082763 0.100627 0.00015213 0.0521401 	
0.0828252 0.100672 0.000458451 0.0521001 	
0.0828891 0.100734 0.000795173 0.0520447 	
0.082953 0.100807 0.00114199 0.0519771 	
0.0830169 0.10089 0.00148579 0.0518998 	
0.0830808 0.100979 0.00181338 0.0518154 	
0.0831527 0.101085 0.00214653 0.0517152 	
0.0832245 0.101192 0.00242525 0.051613 	
0.0832964 0.101297 0.00263407 0.0515124 	
0.0833683 0.101397 0.00276104 0.0514163 	
0.0834425 0.101493 0.00279738 0.0513242 	
0.0835168 0.101579 0.00273121 0.0512416 	
0.0835911 0.101653 0.00256127 0.0511699 	
0.0836653 0.101715 0.00229222 0.0511095 	
0.0837347 0.101763 0.00195967 0.0510629 	
0.0838041 0.101801 0.001559 0.051025 	
0.0838734 0.101832 0.00110345 0.0509946 	
0.0839428 0.101857 0.000608876 0.0509699 	
0.084007 0.101877 0.000131279 0.0509503 	
0.0840713 0.101895 -0.000350167 0.0509321 	
0.0841355 0.101914 -0.000820677 0.0509134 	
0.0841998 0.101935 -0.00126604 0.0508927 	
0.0842619 0.101959 -0.00166027 0.0508693 	
0.084324 0.101987 -0.00200722 0.0508411 	
0.0843861 0.102022 -0.00229727 0.0508073 	
0.0844483 0.102064 -0.00252303 0.0507671 	
0.0845213 0.102121 -0.00269936 0.0507114 	
0.0845943 0.102189 -0.00277434 0.0506466 	
0.0846673 0.102265 -0.00274712 0.0505736 	
0.0847404 0.102348 -0.00262231 0.0504938 	
0.084804 0.102425 -0.00244106 0.0504208 	
0.0848675 0.102503 -0.00220023 0.0503463 	
0.0849311 0.102582 -0.00190957 0.0502724 	
0.0849947 0.102657 -0.00158052 0.0502014 	
0.0850632 0.102733 -0.00119743 0.0501309 	
0.0851317 0.1028 -0.000800896 0.0500698 	
0.0852002 0.102854 -0.000407596 0.050021 	
0.0852686 0.102894 -3.3355e-05 0.0499872 	
0.0853372 0.102916 0.000307754 0.0499707 	
0.0854058 0.102918 0.000601732 0.0499737 	
0.0854744 0.1029 0.000837687 0.0499976 	
0.085543 0.10286 0.00100823 0.0500431 	
0.0856042 0.102806 0.00110167 0.0501019 	
0.0856654 0.102735 0.00113829 0.0501776 	
0.0857266 0.102649 0.00111901 0.0502692 	
0.0857877 0.102547 0.00104714 0.0503755 	
0.0858449 0.102441 0.000937156 0.0504865 	
0.085902 0.102325 0.000791305 0.0506071 	
0.0859591 0.102202 0.000616201 0.0507355 	
0.0860163 0.102073 0.000419439 0.0508694 	
0.0860798 0.101925 0.000185136 0.0510224 	
0.0861434 0.101777 -5.36239e-05 0.0511764 	
0.086207 0.101631 -0.000284627 0.0513282 	
0.0862705 0.101491 -0.000496166 0.0514746 	
0.0863336 0.10136 -0.000675975 0.0516116 	
0.0863966 0.10124 -0.000816013 0.0517377 	
0.0864596 0.101133 -0.000908032 0.0518504 	
0.0865227 0.101042 -0.000946067 0.051948 	
0.0865838 0.10097 -0.000927761 0.0520266 	
0.0866449 0.100915 -0.000853132 0.0520885 	
0.0867061 0.100877 -0.000722449 0.0521332 	
0.0867672 0.100857 -0.000538423 0.0521605 	
0.0868318 0.100854 -0.000291271 0.052171 	
0.0868964 0.100868 2.58778e-06 0.0521635 	
0.086961 0.1009 0.000333519 0.0521394 	
0.0870256 0.100946 0.000689967 0.0521006 	
0.0870887 0.101003 0.00105053 0.0520505 	
0.0871518 0.101069 0.00141046 0.0519906 	
0.0872149 0.101143 0.00175677 0.0519234 	
0.087278 0.101221 0.00207683 0.0518511 	
0.0873514 0.101315 0.0024003 0.0517639 	
0.0874248 0.101408 0.0026547 0.0516767 	
0.0874981 0.101497 0.00282545 0.0515928 	
0.0875715 0.10158 0.00290241 0.0515145 	
0.0876465 0.101656 0.00287805 0.0514425 	
0.0877215 0.101722 0.00274672 0.0513799 	
0.0877965 0.101777 0.00251083 0.0513273 	
0.0878715 0.101822 0.00217879 0.0512844 	
0.0879412 0.101855 0.00179541 0.0512522 	
0.0880109 0.101881 0.001353 0.0512262 	
0.0880806 0.101903 0.000866982 0.0512045 	
0.0881503 0.101923 0.000354751 0.0511851 	
0.0882105 0.101939 -9.5027e-05 0.0511685 	
0.0882708 0.101957 -0.000538375 0.0511504 	
0.0883311 0.101978 -0.000963315 0.0511296 	
0.0883913 0.102002 -0.00135868 0.0511045 	
0.0884565 0.102035 -0.00174127 0.0510715 	
0.0885217 0.102076 -0.00206561 0.0510312 	
0.0885869 0.102125 -0.0023222 0.0509826 	
0.088652 0.102182 -0.00250452 0.0509255 	
0.0887255 0.102258 -0.00261649 0.0508511 	
0.0887989 0.102344 -0.00262744 0.0507669 	
0.0888723 0.102438 -0.00253998 0.0506743 	
0.0889458 0.102539 -0.00236204 0.0505758 	
0.0890076 0.102627 -0.00215077 0.0504903 	
0.0890694 0.102715 -0.00189232 0.0504048 	
0.0891313 0.102802 -0.00159679 0.0503213 	
0.0891931 0.102884 -0.00127537 0.0502422 	
0.0892625 0.102968 -0.000898431 0.0501617 	
0.0893319 0.103041 -0.000520939 0.050093 	
0.0894012 0.103098 -0.000159601 0.0500392 	
0.0894706 0.103138 0.000170419 0.0500031 	
0.0895354 0.103157 0.000438333 0.0499873 	
0.0896001 0.103157 0.000657798 0.0499902 	
0.0896648 0.103138 0.000821568 0.050013 	
0.0897296 0.103098 0.00092533 0.0500557 	
0.0897917 0.103041 0.000966862 0.0501153 	
0.0898537 0.102967 0.000951862 0.0501926 	
0.0899158 0.102876 0.000882884 0.0502863 	
0.0899779 0.10277 0.000764868 0.050395 	
0.090036 0.10266 0.000615975 0.0505085 	
0.0900941 0.10254 0.000436812 0.0506314 	
0.0901523 0.102413 0.000235186 0.0507616 	
0.0902104 0.102281 1.969e-05 0.0508968 	
0.0902754 0.10213 -0.000226529 0.0510511 	
0.0903403 0.10198 -0.000465604 0.0512052 	
0.0904053 0.101833 -0.000684705 0.0513557 	
0.0904703 0.101694 -0.000872046 0.0514995 	
0.0905324 0.10157 -0.00101167 0.0516279 	
0.0905945 0.101457 -0.00110451 0.0517451 	
0.0906566 0.101358 -0.00114418 0.051849 	
0.0907187 0.101274 -0.00112671 0.0519382 	
0.0907819 0.101205 -0.00104821 0.0520126 	
0.0908452 0.101153 -0.000908338 0.0520698 	
0.0909085 0.101119 -0.000709524 0.0521095 	
0.0909718 0.101102 -0.000456911 0.0521319 	
0.0910386 0.101102 -0.000140133 0.0521376 	
0.0911054 0.10112 0.000217729 0.0521264 	
0.0911721 0.101152 0.000604051 0.0521001 	
0.0912389 0.101197 0.00100456 0.0520609 	
0.0913019 0.101249 0.00138179 0.0520143 	
0.091365 0.101308 0.001745 0.0519607 	
0.091428 0.101371 0.00208131 0.0519025 	
0.091491 0.101436 0.00237877 0.0518417 	
0.0915646 0.101512 0.0026627 0.0517703 	
0.0916381 0.101585 0.0028637 0.0517014 	
0.0917117 0.101653 0.00297006 0.0516376 	
0.0917853 0.101712 0.00297517 0.0515806 	
0.0918471 0.101756 0.00289952 0.0515388 	
0.0919089 0.101793 0.00275146 0.051503 	
0.0919707 0.101824 0.00253411 0.051473 	
0.0920325 0.101849 0.00225314 0.0514485 	
0.0920854 0.101866 0.00196752 0.0514311 	
0.0921384 0.10188 0.00164654 0.0514166 	
0.0921914 0.101893 0.00129679 0.051404 	
0.0922443 0.101903 0.000925575 0.0513925 	
0.092301 0.101915 0.000513507 0.0513804 	
0.0923576 0.101927 9.57491e-05 0.0513671 	
0.0924143 0.101942 -0.000317642 0.0513516 	
0.092471 0.10196 -0.000716911 0.0513326 	
0.0925299 0.101983 -0.00110705 0.0513079 	
0.0925888 0.102013 -0.0014619 0.0512772 	
0.0926477 0.10205 -0.00177265 0.0512395 	
0.0927066 0.102095 -0.00203218 0.0511943 	
0.0927765 0.102159 -0.00226635 0.0511303 	
0.0928464 0.102234 -0.00241385 0.0510551 	
0.0929163 0.10232 -0.00247158 0.0509692 	
0.0929862 0.102417 -0.002441 0.0508738 	
0.0930542 0.102518 -0.00233158 0.050774 	
0.0931221 0.102625 -0.00215077 0.0506693 	
0.09319 0.102734 -0.00190854 0.0505622 	
0.093258 0.102843 -0.00161746 0.0504558 	
0.0933239 0.102946 -0.00130195 0.0503561 	
0.0933898 0.103042 -0.000967849 0.0502631 	
0.0934556 0.103128 -0.000629505 0.0501796 	
0.0935215 0.103203 -0.000300909 0.0501085 	
0.0935914 0.103265 2.20854e-05 0.0500495 	
0.0936612 0.103309 0.000304549 0.0500101 	
0.093731 0.10333 0.000534062 0.0499923 	
0.0938009 0.103328 0.000701683 0.0499976 	
0.0938617 0.103307 0.000792702 0.0500217 	
0.0939226 0.103267 0.000830061 0.0500639 	
0.0939834 0.10321 0.000813718 0.0501239 	
0.0940442 0.103136 0.000745978 0.0502008 	
0.0941016 0.103052 0.000638809 0.0502876 	
0.094159 0.102955 0.000494493 0.0503869 	
0.0942164 0.102848 0.000319133 0.050497 	
0.0942738 0.102732 0.000119968 0.0506161 	
0.0943373 0.102595 -0.000118425 0.0507557 	
0.0944008 0.102454 -0.000364293 0.0509006 	
0.0944643 0.10231 -0.000605506 0.0510477 	
0.0945277 0.102167 -0.000830163 0.0511939 	
0.0945918 0.102027 -0.00102849 0.0513374 	
0.0946558 0.101895 -0.00118743 0.0514738 	
0.0947199 0.101772 -0.00129752 0.0516005 	
0.0947839 0.101662 -0.00135157 0.0517153 	
0.0948487 0.101564 -0.00134416 0.0518172 	
0.0949134 0.101483 -0.00127099 0.0519034 	
0.0949782 0.101418 -0.00113147 0.0519728 	
0.095043 0.101371 -0.000928146 0.0520251 	
0.0951094 0.10134 -0.000658863 0.0520611 	
0.0951758 0.101327 -0.00033573 0.0520799 	
0.0952422 0.101329 3.10223e-05 0.0520827 	
0.0953086 0.101346 0.000428874 0.0520711 	
0.0953695 0.101372 0.000809323 0.0520495 	
0.0954305 0.101406 0.00119256 0.0520193 	
0.0954914 0.101447 0.00156666 0.0519824 	
0.0955524 0.101493 0.00191996 0.0519407 	
0.0956218 0.101548 0.00228289 0.0518897 	
0.0956912 0.101603 0.00258855 0.0518378 	
0.0957607 0.101656 0.00282338 0.0517873 	
0.0958301 0.101705 0.00297712 0.0517403 	
0.0959055 0.101752 0.00304422 0.051695 	
0.0959809 0.10179 0.00300193 0.051657 	
0.0960563 0.10182 0.00284987 0.0516269 	
0.0961316 0.101842 0.00259394 0.0516045 	
0.0961828 0.101852 0.00236626 0.051593 	
0.096234 0.10186 0.00209972 0.051584 	
0.0962852 0.101865 0.00179953 0.0515769 	
0.0963365 0.101869 0.00147161 0.0515709 	
0.0963877 0.101873 0.00112249 0.0515652 	
0.0964389 0.101877 0.000759169 0.0515589 	
0.0964901 0.101882 0.000388899 0.0515511 	
0.0965413 0.10189 1.89728e-05 0.0515407 	
0.0965949 0.101901 -0.00036042 0.0515263 	
0.0966486 0.101918 -0.000723258 0.0515072 	
0.0967022 0.10194 -0.00106183 0.0514824 	
0.0967559 0.101968 -0.00136926 0.0514514 	
0.0968204 0.102011 -0.00168936 0.0514048 	
0.0968849 0.102066 -0.00194666 0.0513475 	
0.0969495 0.102132 -0.00213449 0.0512793 	
0.097014 0.102208 -0.00224926 0.0512003 	
0.0970875 0.102308 -0.00229007 0.0510982 	
0.097161 0.10242 -0.00223716 0.0509848 	
0.0972345 0.102541 -0.00209701 0.0508627 	
0.097308 0.102668 -0.00188085 0.0507349 	
0.0973705 0.102778 -0.00164825 0.0506246 	
0.0974329 0.102887 -0.00138143 0.0505155 	
0.0974954 0.102993 -0.00109169 0.0504102 	
0.0975579 0.103093 -0.000790828 0.0503112 	
0.0976278 0.103193 -0.00045549 0.0502111 	
0.0976978 0.10328 -0.000137863 0.0501258 	
0.0977677 0.103348 0.000146664 0.0500585 	
0.0978377 0.103396 0.000385154 0.0500115 	
0.0978987 0.10342 0.000547311 0.0499889 	
0.0979596 0.103425 0.000660863 0.0499843 	
0.0980206 0.103412 0.000722252 0.0499983 	
0.0980816 0.10338 0.000730302 0.050031 	
0.0981459 0.103327 0.00068211 0.0500849 	
0.0982102 0.103255 0.000578743 0.0501581 	
0.0982744 0.103165 0.000425637 0.0502489 	
0.0983387 0.10306 0.000230672 0.0503554 	
0.0984009 0.102945 1.13474e-05 0.050471 	
0.098463 0.102821 -0.000228148 0.0505964 	
0.0985252 0.10269 -0.000476976 0.0507291 	
0.0985874 0.102555 -0.000723855 0.050866 	
0.0986544 0.102408 -0.000974841 0.0510152 	
0.0987214 0.102263 -0.00119635 0.0511624 	
0.0987885 0.102124 -0.0013755 0.0513042 	
0.0988555 0.101993 -0.00150148 0.0514376 	
0.0989218 0.101876 -0.00156533 0.0515587 	
0.0989881 0.101771 -0.00156213 0.0516665 	
0.0990544 0.101682 -0.00148812 0.0517595 	
0.0991206 0.10161 -0.001343 0.0518365 	
0.0991866 0.101554 -0.00113061 0.0518968 	
0.0992526 0.101514 -0.000855274 0.0519408 	
0.0993186 0.101491 -0.00052461 0.0519691 	
0.0993846 0.101482 -0.000148962 0.0519826 	
0.099452 0.101487 0.000268454 0.0519828 	
0.0995194 0.101503 0.000705301 0.0519713 	
0.0995868 0.101529 0.00114586 0.0519502 	
0.0996542 0.101562 0.001574 0.051922 	
0.0997149 0.101595 0.00193574 0.0518926 	
0.0997756 0.10163 0.00226315 0.0518613 	
0.0998363 0.101665 0.00254589 0.0518297 	
0.0998971 0.101698 0.00277518 0.0517994 	
0.0999634 0.101731 0.00295629 0.0517691 	
0.10003 0.101759 0.00305749 0.0517431 	
0.100096 0.101781 0.00307415 0.0517224 	
0.100162 0.101797 0.00300532 0.0517073 	
0.100211 0.101805 0.00290083 0.0516997 	
0.10026 0.10181 0.00275249 0.0516949 	
0.100309 0.101812 0.00256295 0.0516927 	
0.100358 0.101811 0.00233569 0.0516925 	
0.10039 0.10181 0.00216804 0.0516933 	
0.100423 0.101808 0.00198729 0.0516945 	
0.100455 0.101806 0.00179489 0.0516959 	
0.100487 0.101804 0.00159239 0.0516975 	
0.100519 0.101801 0.00138141 0.0516988 	
0.100551 0.1018 0.00116365 0.0516998 	
0.100583 0.101798 0.000940878 0.0517001 	
0.100615 0.101798 0.000714855 0.0516995 	
0.100658 0.101799 0.000414007 0.051697 	
0.1007 0.101802 0.000114811 0.051692 	
0.100743 0.101809 -0.00017861 0.051684 	
0.100785 0.101819 -0.000462301 0.0516725 	
0.100846 0.10184 -0.000844774 0.0516489 	
0.100907 0.101871 -0.0011891 0.0516159 	
0.100968 0.101913 -0.00148619 0.0515728 	
0.101029 0.101965 -0.00172896 0.0515188 	
0.101097 0.102036 -0.0019293 0.0514458 	
0.101165 0.102121 -0.00205091 0.0513594 	
0.101233 0.10222 -0.0020922 0.0512605 	
0.101301 0.102329 -0.00205552 0.0511505 	
0.101366 0.102444 -0.00195171 0.0510361 	
0.101432 0.102565 -0.0017877 0.0509155 	
0.101497 0.10269 -0.00157273 0.0507914 	
0.101563 0.102816 -0.00131804 0.0506666 	
0.101627 0.102939 -0.00103861 0.0505451 	
0.101692 0.103056 -0.00074555 0.0504291 	
0.101757 0.103166 -0.000452167 0.0503216 	
0.101822 0.103264 -0.000171314 0.0502254 	
0.101889 0.103351 9.21473e-05 0.050141 	
0.101955 0.10342 0.000317251 0.0500741 	
0.102022 0.103469 0.000493714 0.0500268 	
0.102089 0.103498 0.000614139 0.0500008 	
0.10215 0.103504 0.000671137 0.0499963 	
0.102211 0.103492 0.000675182 0.0500106 	
0.102272 0.103461 0.00062639 0.0500437 	
0.102333 0.103412 0.000527255 0.0500947 	
0.102391 0.10335 0.00039096 0.0501587 	
0.102449 0.103274 0.00021853 0.0502367 	
0.102507 0.103186 1.63487e-05 0.0503271 	
0.102565 0.103087 -0.000208037 0.0504282 	
0.10263 0.102966 -0.000475865 0.0505518 	
0.102695 0.102837 -0.000748311 0.0506832 	
0.102759 0.102704 -0.00101227 0.0508193 	
0.102824 0.102569 -0.00125492 0.0509569 	
0.102891 0.102433 -0.00147049 0.0510974 	
0.102959 0.102301 -0.00163772 0.0512327 	
0.103026 0.102178 -0.00174594 0.05136 	
0.103093 0.102066 -0.00178735 0.0514767 	
0.103161 0.101965 -0.00175551 0.0515829 	
0.10323 0.101879 -0.00164577 0.0516742 	
0.103298 0.101809 -0.00145856 0.0517496 	
0.103367 0.101755 -0.00119829 0.051809 	
0.103435 0.101718 -0.000873049 0.0518524 	
0.103503 0.101695 -0.000492536 0.051881 	
0.103572 0.101686 -6.93251e-05 0.0518959 	
0.10364 0.101689 0.000381718 0.0518991 	
0.103703 0.1017 0.000804429 0.0518936 	
0.103765 0.101717 0.00122379 0.0518818 	
0.103828 0.101738 0.00162671 0.0518658 	
0.10389 0.101761 0.00200067 0.0518473 	
0.103951 0.101784 0.0023248 0.0518286 	
0.104012 0.101805 0.00260064 0.0518108 	
0.104072 0.101824 0.00281968 0.0517952 	
0.104133 0.101839 0.00297544 0.0517828 	
0.104184 0.101848 0.00305393 0.0517754 	
0.104235 0.101854 0.00308263 0.0517711 	
0.104286 0.101856 0.00306081 0.05177 	
0.104337 0.101854 0.00298895 0.0517721 	
0.104388 0.10185 0.00286859 0.0517771 	
0.104439 0.101842 0.00270217 0.0517847 	
0.10449 0.101832 0.00249315 0.0517944 	
0.10454 0.10182 0.00224593 0.0518055 	
0.104592 0.101807 0.00196528 0.0518173 	
0.104643 0.101794 0.00165741 0.0518288 	
0.104694 0.101782 0.00132875 0.0518392 	
0.104745 0.101772 0.00098608 0.0518474 	
0.104798 0.101764 0.000619214 0.0518526 	
0.104852 0.101761 0.000252989 0.0518533 	
0.104905 0.101764 -0.000104433 0.0518482 	
0.104959 0.101773 -0.00044534 0.0518364 	
0.10502 0.101793 -0.000806282 0.0518135 	
0.105081 0.101824 -0.00112614 0.0517796 	
0.105143 0.101867 -0.00139644 0.0517338 	
0.105204 0.101923 -0.00161089 0.0516757 	
0.105271 0.101998 -0.00177699 0.0515977 	
0.105338 0.102088 -0.00186715 0.0515054 	
0.105406 0.102192 -0.00188111 0.0513998 	
0.105473 0.102307 -0.00182234 0.0512826 	
0.105536 0.102423 -0.00170766 0.0511648 	
0.105598 0.102546 -0.00154217 0.0510409 	
0.105661 0.102673 -0.00133452 0.0509135 	
0.105724 0.1028 -0.0010949 0.050785 	
0.105789 0.102931 -0.00082561 0.0506543 	
0.105854 0.103056 -0.00054715 0.0505287 	
0.105918 0.103173 -0.000272653 0.0504113 	
0.105983 0.103279 -1.46307e-05 0.0503051 	
0.106046 0.103369 0.000207792 0.0502159 	
0.106108 0.103443 0.000394426 0.0501417 	
0.106171 0.1035 0.000537251 0.0500845 	
0.106233 0.103539 0.000630471 0.0500456 	
0.106295 0.103559 0.000670115 0.0500261 	
0.106356 0.103559 0.000656423 0.0500255 	
0.106417 0.103541 0.000589613 0.0500439 	
0.106479 0.103504 0.000472319 0.0500805 	
0.106538 0.103452 0.000314745 0.0501327 	
0.106598 0.103384 0.000119653 0.0502 	
0.106657 0.103304 -0.00010587 0.0502809 	
0.106717 0.103211 -0.000353447 0.0503734 	
0.106782 0.103098 -0.000641319 0.0504867 	
0.106848 0.102977 -0.000931326 0.0506085 	
0.106914 0.102851 -0.00120975 0.0507358 	
0.106979 0.102722 -0.00146327 0.0508653 	
0.107048 0.102588 -0.00168911 0.0510004 	
0.107117 0.10246 -0.00186007 0.051131 	
0.107186 0.102339 -0.00196484 0.0512541 	
0.107255 0.102229 -0.00199548 0.0513669 	
0.107325 0.10213 -0.00194589 0.051469 	
0.107395 0.102045 -0.00181267 0.0515569 	
0.107465 0.101976 -0.00159719 0.0516297 	
0.107535 0.101923 -0.00130526 0.0516874 	
0.107605 0.101884 -0.000951178 0.05173 	
0.107674 0.101859 -0.00054287 0.0517592 	
0.107743 0.101846 -9.41477e-05 0.0517767 	
0.107812 0.101843 0.000379011 0.0517843 	
0.107874 0.101847 0.000814476 0.0517846 	
0.107937 0.101855 0.0012426 0.0517804 	
0.108 0.101865 0.00165022 0.0517736 	
0.108062 0.101876 0.00202493 0.0517658 	
0.108114 0.101885 0.00230247 0.0517599 	
0.108166 0.101891 0.00254342 0.0517552 	
0.108218 0.101896 0.00274261 0.0517527 	
0.10827 0.101897 0.00289591 0.0517527 	
0.108327 0.101895 0.00300769 0.0517564 	
0.108384 0.101888 0.00305767 0.051764 	
0.108441 0.101876 0.00304467 0.0517758 	
0.108498 0.101861 0.00296941 0.0517915 	
0.108554 0.101841 0.00283539 0.0518105 	
0.108611 0.101818 0.00264599 0.0518323 	
0.108668 0.101793 0.00240635 0.0518561 	
0.108724 0.101767 0.00212304 0.0518806 	
0.108782 0.10174 0.00179496 0.0519054 	
0.10884 0.101715 0.00143817 0.0519283 	
0.108899 0.101693 0.00106256 0.0519477 	
0.108957 0.101675 0.000678386 0.0519622 	
0.109018 0.101664 0.000271823 0.0519706 	
0.10908 0.101661 -0.000120352 0.0519698 	
0.109142 0.101669 -0.000486482 0.0519584 	
0.109204 0.101689 -0.000816291 0.0519351 	
0.109265 0.101722 -0.00109693 0.0518997 	
0.109325 0.101767 -0.00132649 0.0518511 	
0.109386 0.101826 -0.00149963 0.0517892 	
0.109447 0.101899 -0.00161334 0.0517141 	
0.109516 0.101997 -0.00166947 0.0516132 	
0.109586 0.10211 -0.00164857 0.0514974 	
0.109655 0.102237 -0.00155539 0.0513688 	
0.109724 0.102374 -0.00139835 0.0512301 	
0.109784 0.102498 -0.00122049 0.0511051 	
0.109844 0.102625 -0.00101176 0.0509771 	
0.109904 0.102753 -0.00078138 0.0508488 	
0.109963 0.102879 -0.000539147 0.0507225 	
0.110031 0.103015 -0.000264492 0.0505858 	
0.110098 0.103142 -2.11144e-06 0.0504584 	
0.110165 0.103257 0.000234268 0.0503437 	
0.110232 0.103356 0.000432664 0.0502447 	
0.110294 0.103431 0.000571975 0.05017 	
0.110355 0.103489 0.000664688 0.0501121 	
0.110417 0.103529 0.000706255 0.0500721 	
0.110478 0.103551 0.000694508 0.0500506 	
0.110541 0.103554 0.000626748 0.050048 	
0.110604 0.103537 0.000504273 0.0500652 	
0.110668 0.103501 0.000331204 0.0501012 	
0.110731 0.103448 0.000114112 0.0501549 	
0.110795 0.103378 -0.000141786 0.0502256 	
0.110859 0.103294 -0.000423888 0.0503104 	
0.110923 0.103198 -0.000720693 0.0504071 	
0.110987 0.103093 -0.00101985 0.0505129 	
0.111055 0.102975 -0.00132678 0.0506325 	
0.111123 0.102853 -0.00160657 0.0507557 	
0.111191 0.102731 -0.00184468 0.0508792 	
0.111259 0.102613 -0.00202851 0.0509997 	
0.111325 0.102504 -0.00214515 0.0511114 	
0.111391 0.102403 -0.00219246 0.0512153 	
0.111458 0.102312 -0.00216512 0.0513094 	
0.111524 0.102233 -0.00206122 0.0513926 	
0.111589 0.102166 -0.00188381 0.0514635 	
0.111655 0.102111 -0.00163554 0.0515224 	
0.111721 0.102068 -0.00132253 0.0515696 	
0.111786 0.102037 -0.00095381 0.0516058 	
0.111856 0.102014 -0.000512638 0.0516334 	
0.111926 0.102001 -3.6608e-05 0.0516516 	
0.111996 0.101995 0.000457103 0.0516623 	
0.112066 0.101994 0.000950347 0.051668 	
0.112124 0.101995 0.00134771 0.0516706 	
0.112182 0.101997 0.00172153 0.0516727 	
0.11224 0.101997 0.00206201 0.0516756 	
0.112298 0.101995 0.00236043 0.0516805 	
0.112355 0.10199 0.00260481 0.0516882 	
0.112412 0.101981 0.00279542 0.0516994 	
0.112469 0.101967 0.00292765 0.0517147 	
0.112526 0.101948 0.0029987 0.0517345 	
0.11259 0.101922 0.00300461 0.0517614 	
0.112653 0.10189 0.0029342 0.0517934 	
0.112716 0.101853 0.00279044 0.0518296 	
0.11278 0.101813 0.00257906 0.051869 	
0.112843 0.10177 0.00230752 0.0519101 	
0.112906 0.101726 0.00198571 0.0519512 	
0.11297 0.101685 0.0016248 0.0519903 	
0.113033 0.101647 0.00123722 0.0520253 	
0.113097 0.101614 0.000832188 0.0520544 	
0.113161 0.10159 0.000427192 0.0520751 	
0.113225 0.101576 3.57921e-05 0.0520852 	
0.113289 0.101574 -0.000329489 0.052083 	
0.113353 0.101586 -0.000658769 0.052067 	
0.113418 0.101613 -0.000939972 0.0520358 	
0.113482 0.101656 -0.00116488 0.0519887 	
0.113546 0.101716 -0.00132807 0.0519254 	
0.113612 0.101792 -0.00142763 0.0518449 	
0.113677 0.101885 -0.00145952 0.0517489 	
0.113742 0.101992 -0.00142557 0.0516385 	
0.113808 0.102112 -0.00133069 0.0515156 	
0.113865 0.102225 -0.00120342 0.0513998 	
0.113922 0.102345 -0.00104108 0.0512779 	
0.113979 0.102468 -0.000850756 0.0511521 	
0.114036 0.102594 -0.000640371 0.0510244 	
0.114101 0.102736 -0.000387358 0.0508797 	
0.114166 0.102875 -0.000132401 0.0507387 	
0.114231 0.103007 0.000111565 0.0506048 	
0.114296 0.103129 0.000332442 0.0504809 	
0.114359 0.103235 0.000512842 0.050374 	
0.114421 0.103326 0.000652791 0.0502812 	
0.114484 0.103401 0.000745131 0.0502046 	
0.114546 0.103458 0.000785021 0.0501455 	
0.114608 0.103497 0.000770337 0.0501054 	
0.114669 0.103517 0.000700984 0.0500837 	
0.114731 0.103518 0.000578213 0.0500805 	
0.114793 0.103502 0.000405705 0.0500955 	
0.114856 0.103467 0.000183929 0.0501285 	
0.114919 0.103416 -7.61717e-05 0.050178 	
0.114982 0.103351 -0.000365202 0.0502423 	
0.115045 0.103272 -0.00067231 0.0503192 	
0.115112 0.103177 -0.00100874 0.0504132 	
0.11518 0.103074 -0.00133713 0.0505158 	
0.115248 0.102966 -0.0016422 0.0506239 	
0.115315 0.102855 -0.00190957 0.0507341 	
0.115387 0.10274 -0.00213729 0.05085 	
0.115459 0.102629 -0.00229402 0.0509614 	
0.115531 0.102527 -0.00236883 0.0510656 	
0.115602 0.102434 -0.00235511 0.0511601 	
0.115675 0.102352 -0.00224827 0.0512445 	
0.115747 0.102283 -0.00204829 0.0513163 	
0.11582 0.102228 -0.00175999 0.0513752 	
0.115893 0.102185 -0.00139311 0.0514217 	
0.115963 0.102155 -0.000976851 0.051456 	
0.116033 0.102134 -0.00051412 0.0514814 	
0.116103 0.10212 -2.1399e-05 0.0514997 	
0.116173 0.102111 0.000483299 0.0515131 	
0.116233 0.102105 0.00091261 0.0515226 	
0.116294 0.102099 0.00132507 0.0515317 	
0.116354 0.102092 0.00170925 0.0515419 	
0.116414 0.102082 0.00205482 0.0515545 	
0.11647 0.10207 0.00232978 0.0515692 	
0.116525 0.102054 0.0025582 0.0515875 	
0.11658 0.102033 0.00273504 0.05161 	
0.116635 0.102007 0.00285676 0.0516371 	
0.116691 0.101976 0.00292172 0.0516692 	
0.116747 0.10194 0.00292706 0.0517058 	
0.116803 0.1019 0.00287344 0.0517467 	
0.116859 0.101855 0.00276322 0.0517911 	
0.116918 0.101804 0.00258901 0.051841 	
0.116978 0.101752 0.0023616 0.0518926 	
0.117037 0.101698 0.0020885 0.0519445 	
0.117096 0.101646 0.00177856 0.051995 	
0.117163 0.101591 0.00139899 0.0520478 	
0.117229 0.101542 0.00100025 0.052094 	
0.117296 0.101502 0.000597566 0.052131 	
0.117362 0.101473 0.000205811 0.0521563 	
0.117431 0.101458 -0.000173516 0.0521681 	
0.1175 0.101459 -0.000511328 0.0521629 	
0.117569 0.101479 -0.000795148 0.0521393 	
0.117638 0.101519 -0.00101578 0.0520961 	
0.117699 0.101571 -0.00115345 0.0520414 	
0.11776 0.101638 -0.00123389 0.0519713 	
0.117821 0.101721 -0.00125662 0.0518864 	
0.117882 0.101817 -0.00122357 0.0517878 	
0.117944 0.101926 -0.00113802 0.0516764 	
0.118005 0.102046 -0.00100557 0.0515544 	
0.118067 0.102174 -0.000833506 0.0514241 	
0.118128 0.102309 -0.000630642 0.0512878 	
0.118191 0.10245 -0.000401209 0.0511449 	
0.118254 0.102592 -0.000161226 0.0510015 	
0.118317 0.102732 7.75974e-05 0.0508608 	
0.11838 0.102866 0.000303821 0.0507257 	
0.118444 0.102993 0.000509166 0.0505972 	
0.118507 0.103109 0.000679696 0.0504802 	
0.118571 0.103211 0.000806246 0.0503771 	
0.118635 0.103297 0.000881872 0.0502899 	
0.118696 0.103364 0.000902071 0.0502226 	
0.118757 0.103413 0.00086825 0.0501724 	
0.118818 0.103444 0.000779787 0.0501398 	
0.11888 0.103458 0.000638473 0.0501249 	
0.118942 0.103455 0.000443351 0.0501276 	
0.119005 0.103434 0.0002028 0.0501475 	
0.119067 0.103397 -7.54442e-05 0.0501835 	
0.11913 0.103346 -0.000381849 0.0502338 	
0.119196 0.103279 -0.000726199 0.0503009 	
0.119262 0.1032 -0.00107609 0.0503794 	
0.119329 0.103113 -0.00141697 0.0504664 	
0.119395 0.103021 -0.0017344 0.050559 	
0.119468 0.102918 -0.0020373 0.0506628 	
0.11954 0.102816 -0.00227943 0.0507662 	
0.119612 0.102719 -0.0024466 0.0508658 	
0.119684 0.102628 -0.00252855 0.0509591 	
0.119758 0.102545 -0.00251808 0.0510448 	
0.119831 0.102474 -0.00240988 0.0511201 	
0.119904 0.102415 -0.00220491 0.051184 	
0.119977 0.102367 -0.00190949 0.0512365 	
0.120047 0.102332 -0.00155591 0.0512765 	
0.120116 0.102306 -0.00114203 0.0513079 	
0.120185 0.102287 -0.000681896 0.0513323 	
0.120255 0.102273 -0.000191781 0.0513516 	
0.120316 0.102264 0.000251666 0.0513661 	
0.120377 0.102255 0.000692293 0.0513798 	
0.120438 0.102245 0.00111767 0.0513942 	
0.120499 0.102233 0.00151602 0.0514109 	
0.120559 0.102218 0.00186567 0.0514303 	
0.120618 0.102198 0.00217057 0.0514541 	
0.120677 0.102173 0.00242295 0.0514831 	
0.120736 0.102141 0.00261692 0.0515178 	
0.120795 0.102104 0.00274728 0.051558 	
0.120854 0.10206 0.00281377 0.051604 	
0.120912 0.10201 0.0028157 0.0516556 	
0.120971 0.101955 0.0027545 0.051712 	
0.121033 0.101892 0.00262558 0.0517756 	
0.121094 0.101826 0.00243591 0.0518422 	
0.121156 0.101758 0.0021929 0.0519101 	
0.121218 0.10169 0.00190571 0.0519775 	
0.121285 0.101618 0.00155479 0.0520479 	
0.121352 0.101552 0.00117857 0.0521123 	
0.121419 0.101494 0.000792424 0.0521681 	
0.121486 0.101448 0.000411585 0.0522125 	
0.12156 0.101412 1.93645e-05 0.052245 	
0.121633 0.101396 -0.000331178 0.0522581 	
0.121706 0.101402 -0.000624631 0.0522496 	
0.121779 0.10143 -0.000849649 0.0522181 	
0.12184 0.101472 -0.000978827 0.052174 	
0.121901 0.10153 -0.00105283 0.0521137 	
0.121962 0.101603 -0.0010711 0.0520378 	
0.122022 0.101692 -0.00103539 0.051947 	
0.122083 0.101794 -0.000949268 0.0518427 	
0.122144 0.101908 -0.000818021 0.0517267 	
0.122205 0.102032 -0.000648611 0.0516009 	
0.122266 0.102163 -0.000449489 0.0514678 	
0.122329 0.102303 -0.00022312 0.0513256 	
0.122392 0.102446 1.34896e-05 0.0511813 	
0.122454 0.102587 0.000248762 0.0510378 	
0.122517 0.102725 0.000471332 0.0508982 	
0.122581 0.102859 0.000674031 0.0507627 	
0.122645 0.102983 0.000841329 0.0506371 	
0.122709 0.103094 0.000963829 0.050524 	
0.122773 0.10319 0.00103436 0.0504255 	
0.122835 0.103267 0.00104845 0.0503462 	
0.122896 0.103328 0.00100688 0.0502831 	
0.122958 0.103372 0.000908882 0.0502371 	
0.123019 0.103399 0.000756171 0.0502082 	
0.123083 0.103409 0.000544999 0.0501962 	
0.123147 0.103401 0.000285569 0.0502015 	
0.12321 0.103377 -1.39783e-05 0.0502231 	
0.123274 0.103339 -0.000343543 0.0502593 	
0.123337 0.103288 -0.000686904 0.0503075 	
0.123399 0.103228 -0.00103638 0.050366 	
0.123462 0.10316 -0.00137957 0.0504326 	
0.123525 0.103087 -0.00170413 0.0505048 	
0.123597 0.102999 -0.00203793 0.0505916 	
0.123668 0.102911 -0.00231459 0.0506793 	
0.12374 0.102825 -0.00251933 0.0507649 	
0.123812 0.102745 -0.00264103 0.0508456 	
0.123886 0.102671 -0.00267171 0.0509213 	
0.12396 0.102606 -0.00260177 0.050988 	
0.124034 0.102552 -0.00243088 0.0510447 	
0.124108 0.102508 -0.00216436 0.0510913 	
0.124176 0.102477 -0.00183851 0.0511262 	
0.124245 0.102453 -0.00144838 0.051154 	
0.124314 0.102435 -0.00100706 0.0511759 	
0.124383 0.102421 -0.000529964 0.0511938 	
0.124443 0.102411 -9.80882e-05 0.0512078 	
0.124503 0.102401 0.000336498 0.0512218 	
0.124563 0.102389 0.00076205 0.0512372 	
0.124623 0.102375 0.00116729 0.0512553 	
0.124683 0.102356 0.001546 0.0512779 	
0.124744 0.102331 0.00188262 0.0513057 	
0.124805 0.1023 0.00216821 0.0513399 	
0.124865 0.102261 0.0023958 0.0513809 	
0.124938 0.102205 0.00258491 0.0514393 	
0.125011 0.102139 0.0026782 0.051508 	
0.125083 0.102062 0.00267421 0.0515861 	
0.125156 0.101977 0.00257669 0.0516722 	
0.125221 0.101895 0.00241714 0.0517539 	
0.125285 0.10181 0.0021969 0.0518381 	
0.12535 0.101725 0.00192569 0.0519229 	
0.125415 0.101641 0.00161506 0.0520055 	
0.125482 0.101558 0.00126209 0.052087 	
0.12555 0.101482 0.000895436 0.0521603 	
0.125618 0.101418 0.000530683 0.0522225 	
0.125685 0.101367 0.000182727 0.0522709 	
0.125755 0.101331 -0.000142035 0.0523037 	
0.125824 0.101314 -0.00042105 0.0523172 	
0.125893 0.101319 -0.000643167 0.0523097 	
0.125963 0.101345 -0.000800783 0.0522804 	
0.126024 0.101387 -0.000882724 0.0522362 	
0.126085 0.101446 -0.000909498 0.052175 	
0.126146 0.101521 -0.000881922 0.0520976 	
0.126207 0.101612 -0.00080315 0.0520052 	
0.126264 0.101706 -0.000690273 0.0519086 	
0.12632 0.101811 -0.000543599 0.0518021 	
0.126376 0.101925 -0.000369218 0.0516874 	
0.126432 0.102044 -0.00017413 0.0515663 	
0.126496 0.102186 6.34741e-05 0.0514234 	
0.12656 0.10233 0.000305939 0.051278 	
0.126624 0.102473 0.000541047 0.0511332 	
0.126687 0.102613 0.000757012 0.0509923 	
0.126751 0.102746 0.000941883 0.0508589 	
0.126814 0.102868 0.00108675 0.0507349 	
0.126878 0.102979 0.00118311 0.0506227 	
0.126941 0.103077 0.00122472 0.0505245 	
0.127005 0.103159 0.00120731 0.0504413 	
0.127069 0.103224 0.00112821 0.0503749 	
0.127133 0.103272 0.000987603 0.0503259 	
0.127197 0.103302 0.000788605 0.0502944 	
0.127262 0.103316 0.000528977 0.0502799 	
0.127328 0.103312 0.000221411 0.0502825 	
0.127394 0.103293 -0.000123941 0.050301 	
0.127459 0.10326 -0.000494944 0.0503333 	
0.12752 0.103219 -0.000851715 0.0503741 	
0.127581 0.103169 -0.0012076 0.0504232 	
0.127642 0.103114 -0.00155091 0.0504785 	
0.127703 0.103056 -0.00187031 0.050538 	
0.127775 0.102984 -0.00220061 0.0506105 	
0.127847 0.102914 -0.00246681 0.050683 	
0.127919 0.102847 -0.00265521 0.0507524 	
0.127991 0.102786 -0.00275604 0.0508168 	
0.128058 0.102735 -0.00276546 0.0508712 	
0.128126 0.102692 -0.00268913 0.0509186 	
0.128193 0.102657 -0.00252782 0.0509585 	
0.128261 0.10263 -0.00228616 0.0509911 	
0.128328 0.10261 -0.00197379 0.0510169 	
0.128395 0.102596 -0.00159941 0.0510372 	
0.128463 0.102587 -0.00117527 0.0510534 	
0.12853 0.10258 -0.000715718 0.0510672 	
0.128585 0.102575 -0.000321307 0.0510782 	
0.128641 0.102569 7.73778e-05 0.0510901 	
0.128696 0.102561 0.00047109 0.051104 	
0.128752 0.10255 0.000850875 0.051121 	
0.128811 0.102533 0.00123426 0.051144 	
0.128871 0.10251 0.00158151 0.051173 	
0.128931 0.10248 0.00188371 0.0512088 	
0.12899 0.102442 0.00213369 0.0512522 	
0.129061 0.102387 0.00235535 0.0513139 	
0.129132 0.102319 0.00248905 0.0513868 	
0.129203 0.10224 0.00253198 0.0514704 	
0.129273 0.102152 0.00248605 0.0515634 	
0.129341 0.10206 0.00236534 0.0516585 	
0.129408 0.101963 0.00217677 0.0517582 	
0.129475 0.101864 0.0019302 0.0518599 	
0.129543 0.101765 0.00163781 0.051961 	
0.129609 0.10167 0.0013184 0.052057 	
0.129675 0.101582 0.000981996 0.0521463 	
0.129741 0.101502 0.000643036 0.0522261 	
0.129808 0.101435 0.000315519 0.0522936 	
0.129878 0.10138 -3.83815e-06 0.0523487 	
0.129948 0.101344 -0.000281165 0.0523847 	
0.130018 0.101328 -0.000504321 0.0523993 	
0.130088 0.101336 -0.000664703 0.0523912 	
0.130149 0.101361 -0.00074899 0.0523653 	
0.13021 0.101404 -0.000779474 0.0523218 	
0.130271 0.101464 -0.000756371 0.0522611 	
0.130332 0.101541 -0.000682236 0.0521842 	
0.130389 0.101625 -0.000571537 0.0520994 	
0.130446 0.101721 -0.000425397 0.0520031 	
0.130502 0.101827 -0.000249778 0.051897 	
0.130559 0.101941 -5.16768e-05 0.0517829 	
0.130623 0.102077 0.000188478 0.0516473 	
0.130687 0.102217 0.000435391 0.051507 	
0.130751 0.102358 0.000676881 0.0513653 	
0.130815 0.102498 0.000901049 0.0512251 	
0.130879 0.102634 0.00109729 0.051089 	
0.130943 0.102762 0.00125393 0.0509603 	
0.131007 0.10288 0.00136181 0.0508417 	
0.131071 0.102986 0.001414 0.0507354 	
0.131136 0.103079 0.00140487 0.0506411 	
0.131202 0.103156 0.00132931 0.0505629 	
0.131268 0.103216 0.00118703 0.0505018 	
0.131333 0.103259 0.000980962 0.050458 	
0.1314 0.103284 0.000713151 0.050431 	
0.131466 0.103293 0.00039374 0.0504208 	
0.131532 0.103287 3.30827e-05 0.0504259 	
0.131599 0.103267 -0.000356298 0.0504448 	
0.131658 0.103239 -0.000717733 0.0504716 	
0.131718 0.103204 -0.0010804 0.050506 	
0.131777 0.103163 -0.00143346 0.0505463 	
0.131836 0.103119 -0.00176629 0.0505906 	
0.131907 0.103063 -0.00212378 0.0506466 	
0.131979 0.103007 -0.00242147 0.0507029 	
0.13205 0.102955 -0.00264531 0.050757 	
0.132121 0.102907 -0.00278492 0.0508067 	
0.132195 0.102864 -0.00283347 0.0508522 	
0.132269 0.102829 -0.00277903 0.0508901 	
0.132342 0.102803 -0.00262185 0.0509199 	
0.132416 0.102786 -0.00236782 0.050942 	
0.132465 0.102778 -0.00215042 0.0509529 	
0.132515 0.102773 -0.00189843 0.0509613 	
0.132564 0.10277 -0.00161638 0.0509678 	
0.132613 0.102769 -0.00130942 0.050973 	
0.132662 0.102769 -0.000983174 0.0509776 	
0.132711 0.102768 -0.000643698 0.0509825 	
0.13276 0.102766 -0.000297253 0.0509884 	
0.132809 0.102762 4.98414e-05 0.0509962 	
0.132857 0.102756 0.000380579 0.0510062 	
0.132904 0.102747 0.000700332 0.0510194 	
0.132952 0.102734 0.0010037 0.0510365 	
0.132999 0.102716 0.00128572 0.051058 	
0.133044 0.102695 0.00152497 0.0510824 	
0.133088 0.10267 0.0017385 0.0511114 	
0.133132 0.102639 0.00192349 0.0511452 	
0.133176 0.102603 0.00207768 0.0511839 	
0.133239 0.102544 0.00223987 0.051247 	
0.133301 0.102474 0.00233412 0.0513199 	
0.133364 0.102395 0.00235958 0.0514018 	
0.133426 0.102308 0.0023181 0.0514917 	
0.13349 0.102211 0.00221171 0.0515898 	
0.133553 0.10211 0.00204669 0.0516927 	
0.133617 0.102005 0.00183122 0.0517985 	
0.13368 0.1019 0.00157532 0.0519045 	
0.133746 0.101793 0.00128094 0.0520114 	
0.133811 0.101691 0.000968868 0.0521129 	
0.133877 0.101597 0.000652788 0.052206 	
0.133942 0.101514 0.000346071 0.0522879 	
0.134012 0.101441 4.33523e-05 0.0523601 	
0.134082 0.101385 -0.000219863 0.0524137 	
0.134152 0.101351 -0.000431378 0.0524464 	
0.134221 0.101339 -0.000582377 0.0524566 	
0.134283 0.101347 -0.000660258 0.0524465 	
0.134344 0.101373 -0.000685183 0.0524183 	
0.134405 0.101417 -0.000657072 0.0523722 	
0.134466 0.101479 -0.000578197 0.0523091 	
0.134522 0.101549 -0.00046461 0.0522372 	
0.134578 0.101631 -0.000316119 0.0521531 	
0.134634 0.101724 -0.000138304 0.0520584 	
0.13469 0.101826 6.22248e-05 0.0519546 	
0.134755 0.101953 0.000311005 0.0518267 	
0.134819 0.102085 0.000567891 0.0516923 	
0.134883 0.102222 0.000820372 0.0515545 	
0.134948 0.102358 0.00105611 0.0514166 	
0.135013 0.102493 0.00126591 0.0512796 	
0.135078 0.102622 0.00143477 0.0511485 	
0.135144 0.102743 0.00155268 0.0510263 	
0.135209 0.102852 0.00161206 0.0509151 	
0.135276 0.102951 0.00160648 0.0508142 	
0.135344 0.103034 0.00152947 0.0507287 	
0.135411 0.103101 0.0013805 0.0506599 	
0.135478 0.10315 0.00116268 0.0506079 	
0.135545 0.103183 0.000882531 0.0505727 	
0.135612 0.1032 0.000548105 0.0505535 	
0.13568 0.103203 0.000170218 0.050549 	
0.135747 0.103192 -0.000238026 0.0505575 	
0.135808 0.103173 -0.000626151 0.050575 	
0.13587 0.103147 -0.00101561 0.0505999 	
0.135932 0.103116 -0.00139427 0.0506304 	
0.135993 0.103081 -0.00175028 0.0506645 	
0.13606 0.103042 -0.00210026 0.0507038 	
0.136128 0.103003 -0.00239591 0.050743 	
0.136195 0.102967 -0.00262536 0.0507801 	
0.136262 0.102936 -0.00277966 0.0508133 	
0.136337 0.102907 -0.00285567 0.0508443 	
0.136411 0.102887 -0.00282641 0.050868 	
0.136486 0.102876 -0.00269165 0.050884 	
0.136561 0.102872 -0.00245707 0.050893 	
0.136602 0.102873 -0.00228699 0.0508954 	
0.136644 0.102875 -0.00209122 0.0508962 	
0.136686 0.102879 -0.00187239 0.0508958 	
0.136727 0.102884 -0.00163342 0.0508947 	
0.136769 0.10289 -0.00137752 0.0508932 	
0.13681 0.102895 -0.00110817 0.0508918 	
0.136852 0.1029 -0.000829001 0.0508911 	
0.136893 0.102904 -0.000543738 0.0508914 	
0.136932 0.102907 -0.000279643 0.0508932 	
0.13697 0.102907 -1.66077e-05 0.0508968 	
0.137008 0.102906 0.000242424 0.0509025 	
0.137046 0.102902 0.000494605 0.0509108 	
0.137107 0.102889 0.00087754 0.0509301 	
0.137168 0.102867 0.00122527 0.050958 	
0.137229 0.102836 0.00152837 0.0509956 	
0.137291 0.102795 0.00177934 0.0510434 	
0.137359 0.102735 0.00199147 0.0511094 	
0.137427 0.102662 0.00212559 0.0511886 	
0.137496 0.102576 0.00217932 0.0512804 	
0.137564 0.102479 0.0021543 0.0513834 	
0.137631 0.102374 0.00205869 0.051493 	
0.137698 0.102262 0.0018995 0.0516093 	
0.137764 0.102145 0.00168597 0.0517299 	
0.137831 0.102027 0.00142958 0.0518517 	
0.137896 0.101913 0.00115177 0.0519684 	
0.137961 0.101804 0.000858562 0.0520803 	
0.138026 0.101702 0.000563084 0.0521845 	
0.13809 0.10161 0.000278099 0.0522783 	
0.138159 0.101527 2.01723e-06 0.0523629 	
0.138227 0.101462 -0.000235661 0.0524302 	
0.138296 0.101416 -0.000423725 0.0524776 	
0.138364 0.101391 -0.000554048 0.0525038 	
0.138425 0.101388 -0.000617318 0.0525082 	
0.138486 0.101402 -0.0006279 0.0524943 	
0.138547 0.101435 -0.000585738 0.0524624 	
0.138609 0.101486 -0.00049314 0.0524129 	
0.138666 0.101548 -0.000363912 0.0523515 	
0.138724 0.101624 -0.000198636 0.0522767 	
0.138781 0.101711 -3.37799e-06 0.0521902 	
0.138839 0.101808 0.000214658 0.0520936 	
0.138904 0.101928 0.000478454 0.0519746 	
0.138969 0.102055 0.000748523 0.0518482 	
0.139034 0.102186 0.00101194 0.0517175 	
0.139099 0.102319 0.00125599 0.0515855 	
0.139166 0.102454 0.00147615 0.0514504 	
0.139234 0.102584 0.00164959 0.0513205 	
0.139301 0.102705 0.00176544 0.051199 	
0.139369 0.102816 0.00181568 0.0510883 	
0.139438 0.102915 0.00179388 0.0509885 	
0.139506 0.102999 0.00169503 0.0509037 	
0.139575 0.103066 0.00151934 0.0508349 	
0.139644 0.103117 0.00127106 0.0507824 	
0.139712 0.103152 0.000961647 0.0507461 	
0.13978 0.103172 0.000598158 0.0507245 	
0.139849 0.103178 0.000192656 0.0507163 	
0.139917 0.103173 -0.000240562 0.0507195 	
0.139979 0.10316 -0.000645177 0.0507306 	
0.140041 0.103142 -0.00104739 0.0507477 	
0.140102 0.10312 -0.00143476 0.0507689 	
0.140164 0.103095 -0.00179534 0.0507924 	
0.140228 0.10307 -0.00212685 0.0508173 	
0.140292 0.103046 -0.00240666 0.0508409 	
0.140356 0.103026 -0.00262509 0.0508618 	
0.140419 0.103009 -0.00277489 0.0508789 	
0.140472 0.103 -0.00284346 0.0508894 	
0.140525 0.102994 -0.00285944 0.0508964 	
0.140578 0.102993 -0.00282229 0.0508996 	
0.140631 0.102995 -0.00273282 0.0508992 	
0.140684 0.103001 -0.00259308 0.0508954 	
0.140737 0.103011 -0.0024061 0.0508888 	
0.14079 0.103023 -0.00217603 0.0508798 	
0.140842 0.103036 -0.00190809 0.0508693 	
0.140893 0.10305 -0.00162374 0.0508587 	
0.140943 0.103064 -0.0013164 0.0508484 	
0.140993 0.103077 -0.000992295 0.0508393 	
0.141044 0.103088 -0.000657909 0.0508322 	
0.141097 0.103096 -0.000299027 0.0508281 	
0.14115 0.103099 5.58517e-05 0.0508286 	
0.141204 0.103097 0.000398863 0.0508346 	
0.141257 0.103089 0.000722661 0.0508472 	
0.141318 0.10307 0.00106202 0.0508709 	
0.14138 0.10304 0.00135778 0.0509053 	
0.141441 0.102998 0.00160216 0.0509511 	
0.141502 0.102944 0.00178959 0.0510087 	
0.141571 0.102869 0.00192852 0.0510879 	
0.141641 0.102779 0.00198767 0.0511813 	
0.14171 0.102675 0.00196796 0.0512878 	
0.141779 0.10256 0.0018743 0.0514053 	
0.14184 0.102452 0.00173797 0.0515153 	
0.1419 0.102339 0.00155793 0.0516298 	
0.141961 0.102223 0.00134244 0.0517466 	
0.142022 0.102106 0.0011009 0.0518635 	
0.142087 0.101982 0.00082059 0.0519878 	
0.142153 0.101864 0.000535117 0.0521059 	
0.142219 0.101755 0.000258041 0.0522147 	
0.142285 0.101658 2.07724e-06 0.0523113 	
0.142349 0.101578 -0.000215115 0.052391 	
0.142413 0.101513 -0.000391882 0.0524546 	
0.142477 0.101466 -0.000520463 0.0525003 	
0.142541 0.101438 -0.000595614 0.0525271 	
0.142602 0.10143 -0.000614686 0.0525344 	
0.142664 0.10144 -0.000580037 0.052523 	
0.142726 0.101468 -0.000492844 0.0524934 	
0.142788 0.101514 -0.000356684 0.0524463 	
0.142848 0.101575 -0.000181241 0.0523843 	
0.142909 0.101649 2.92752e-05 0.0523082 	
0.142969 0.101736 0.000266867 0.0522198 	
0.14303 0.101833 0.000522354 0.052121 	
0.143096 0.101948 0.000811192 0.0520037 	
0.143162 0.10207 0.00109571 0.0518799 	
0.143229 0.102194 0.00136206 0.051753 	
0.143295 0.102319 0.00159712 0.0516261 	
0.143364 0.102445 0.00179688 0.0514964 	
0.143434 0.102565 0.00193653 0.0513733 	
0.143503 0.102675 0.00200607 0.0512598 	
0.143573 0.102772 0.00199911 0.0511581 	
0.143643 0.102858 0.00191073 0.0510685 	
0.143714 0.102927 0.00173994 0.050994 	
0.143784 0.102981 0.00149015 0.050935 	
0.143855 0.10302 0.00116904 0.0508913 	
0.143924 0.103044 0.000794815 0.0508622 	
0.143993 0.103055 0.000375009 0.0508456 	
0.144063 0.103056 -7.55431e-05 0.0508397 	
0.144132 0.103048 -0.000540317 0.0508422 	
0.14419 0.103037 -0.00093033 0.0508493 	
0.144249 0.103023 -0.00130755 0.0508592 	
0.144307 0.103008 -0.0016617 0.0508705 	
0.144366 0.102994 -0.00198328 0.0508818 	
0.144426 0.10298 -0.00227265 0.0508922 	
0.144486 0.10297 -0.00250917 0.0509 	
0.144547 0.102964 -0.00268578 0.0509042 	
0.144607 0.102963 -0.00279757 0.050904 	
0.144668 0.102967 -0.00284168 0.0508991 	
0.144729 0.102976 -0.0028155 0.0508892 	
0.14479 0.102991 -0.00271992 0.0508746 	
0.144851 0.10301 -0.00255824 0.0508559 	
0.144908 0.103031 -0.00235328 0.0508356 	
0.144965 0.103055 -0.00210127 0.0508133 	
0.145021 0.10308 -0.00180897 0.0507903 	
0.145078 0.103105 -0.00148421 0.0507677 	
0.145135 0.103129 -0.00113102 0.0507466 	
0.145193 0.103149 -0.000762979 0.0507288 	
0.14525 0.103165 -0.000389935 0.0507158 	
0.145308 0.103175 -2.16317e-05 0.050709 	
0.145372 0.103178 0.00037188 0.0507104 	
0.145436 0.103169 0.000735114 0.0507227 	
0.1455 0.103148 0.0010568 0.0507475 	
0.145564 0.103114 0.00132776 0.0507857 	
0.145628 0.103065 0.00154219 0.0508382 	
0.145692 0.103001 0.00169243 0.0509051 	
0.145757 0.102924 0.00177553 0.050986 	
0.145821 0.102833 0.00179164 0.05108 	
0.145889 0.102724 0.00173922 0.0511916 	
0.145957 0.102604 0.00162107 0.0513142 	
0.146025 0.102476 0.00144549 0.0514453 	
0.146093 0.102341 0.00122346 0.0515817 	
0.146156 0.102215 0.000987171 0.05171 	
0.146219 0.102089 0.000733055 0.0518374 	
0.146282 0.101967 0.000472758 0.0519608 	
0.146345 0.101852 0.000217872 0.0520775 	
0.146412 0.101739 -3.59967e-05 0.0521918 	
0.146479 0.101639 -0.000257793 0.0522922 	
0.146547 0.101557 -0.000436088 0.0523761 	
0.146614 0.101493 -0.000562057 0.0524412 	
0.146675 0.101452 -0.000625768 0.0524829 	
0.146736 0.101429 -0.000637667 0.0525069 	
0.146797 0.101425 -0.000596568 0.0525129 	
0.146858 0.101438 -0.000503669 0.0525011 	
0.146917 0.101466 -0.000368648 0.0524733 	
0.146976 0.10151 -0.000192994 0.0524304 	
0.147035 0.101569 1.75495e-05 0.0523734 	
0.147093 0.101639 0.000255815 0.0523039 	
0.147159 0.10173 0.000543841 0.0522138 	
0.147224 0.101832 0.000843501 0.0521129 	
0.14729 0.101942 0.00114158 0.0520042 	
0.147355 0.102056 0.00142475 0.0518906 	
0.147425 0.102179 0.0016952 0.0517677 	
0.147494 0.1023 0.00191912 0.0516463 	
0.147564 0.102416 0.00208341 0.0515296 	
0.147634 0.102525 0.00217791 0.0514205 	
0.147705 0.102625 0.0021949 0.0513188 	
0.147776 0.102713 0.00212587 0.0512295 	
0.147848 0.102786 0.00196964 0.0511539 	
0.147919 0.102845 0.00172983 0.0510926 	
0.147988 0.102888 0.00142743 0.0510468 	
0.148056 0.102919 0.00106369 0.0510133 	
0.148125 0.102938 0.000650414 0.0509909 	
0.148194 0.102948 0.00020193 0.050978 	
0.14824 0.102951 -0.000112137 0.0509737 	
0.148286 0.10295 -0.000429852 0.050972 	
0.148332 0.102948 -0.000745976 0.0509724 	
0.148379 0.102944 -0.00105531 0.0509742 	
0.148425 0.10294 -0.00135275 0.0509766 	
0.148471 0.102936 -0.00163327 0.0509789 	
0.148517 0.102933 -0.00189217 0.0509805 	
0.148564 0.102932 -0.00212519 0.0509809 	
0.148635 0.102933 -0.00242377 0.0509779 	
0.148705 0.102941 -0.00264108 0.0509692 	
0.148776 0.102956 -0.00276869 0.0509537 	
0.148847 0.102979 -0.00280268 0.0509312 	
0.148913 0.103007 -0.00274998 0.0509041 	
0.148979 0.103041 -0.00261813 0.0508718 	
0.149045 0.103079 -0.00241247 0.0508354 	
0.149112 0.103121 -0.00214134 0.0507962 	
0.149174 0.103161 -0.00183477 0.0507586 	
0.149236 0.103201 -0.00148959 0.050722 	
0.149299 0.103238 -0.00111726 0.0506884 	
0.149361 0.10327 -0.000729951 0.0506598 	
0.149426 0.103296 -0.000326013 0.0506375 	
0.149491 0.103313 6.6654e-05 0.0506248 	
0.149555 0.103318 0.000434811 0.0506236 	
0.14962 0.103311 0.000766726 0.0506354 	
0.149681 0.10329 0.0010384 0.0506598 	
0.149743 0.103256 0.00126101 0.0506979 	
0.149804 0.103207 0.00142903 0.0507499 	
0.149865 0.103144 0.00153928 0.0508158 	
0.149899 0.103104 0.00157484 0.0508579 	
0.149933 0.10306 0.00159249 0.0509039 	
0.149966 0.103011 0.00159249 0.0509537 	
0.15 0.102959 0.00157526 0.0510071 	
